4 39 40 80 18 20 94 54 26 62
^Malicious
2 35 37 39 73 45 47 82 41 57
98 72 42 49 22 55 88 90 28 62
3 6 73 11 48 17 25 55 57 62
67 4 70 43 77 81 50 56 91 61
33 3 69 12 44 53 23 58 92 62
75 71 40 42 43 48 72 50 56 93
65 2 99 37 39 60 11 55 28 93
64 66 70 11 12 34 20 53 24 63
96 2 72 46 81 18 51 86 89 90
33 34 3 69 40 13 35 52 58 31
97 68 71 8 16 81 82 53 26 63
32 2 23 82 83 20 87 89 27 63
64 96 2 39 9 42 83 52 87 63
22 70 71 44 93 84 54 24 29 37
96 65 2 6 71 11 47 80 50 61
99 68 5 81 39 13 49 84 90 93
65 3 33 45 14 49 18 23 88 63
5 71 8 74 12 45 57 42 94 95
64 97 36 70 75 13 87 88 59 94
64 65 39 45 46 77 84 91 60
16 2 80 41 74 78 48 52 9 88
64 65 4 71 78 84 14 89 52 59
5 76 77 14 83 84 54 23 88 27
33 69 39 72 73 12 77 46 76 81
66 68 5 6 7 10 13 19 62 31
64 39 73 10 87 57 21 55 89 27
96 65 66 37 71 10 98 49 60 62
33 66 54 8 43 15 83 22 28 29
66 67 40 9 10 75 44 88 56 74
64 1 69 6 10 79 20 86 92 30
0 69 38 39 10 76 77 52 24 37
65 67 71 16 49 3 20 56 25 28
33 38 44 45 20 22 58 59 28 30
0 65 34 35 64 83 84 90 93 94
96 97 37 72 41 44 85 27 92 62
66 70 71 8 73 79 51 84 20 59
33 68 11 17 52 24 90 91 62
2 35 10 77 46 50 84 22 28 94
64 40 9 14 78 85 24 60 74 53
97 99 37 10 45 48 85 27 95
64 1 32 96 10 78 50 89 92
64 65 74 12 14 80 81 89 92 30
64 91 8 12 47 30 22 59 29 94
70 28 9 77 78 18 53 88 92 21
66 68 22 6 73 76 54 57 58 28
33 2 99 65 12 76 53 89 29 62
64 36 39 41 44 83 52 53 23 58
64 98 99 8 15 81 82 30 27 62
65 70 39 8 11 16 49 52 7 91
96 33 32 11 76 77 46 80 55
36 5 49 43 44 17 83 87 26 90
33 6 41 74 47 49 84 54 31 95
33 2 36 40 10 13 19 22 88 90
33 34 99 38 9 45 46 80 83 91
64 4 12 78 16 51 85 58 28 63
43 37 9 75 15 19 21 54 90 86
37 40 9 10 75 51 84 55 57 29
64 66 40 46 15 50 83 21 55 88
16 43 40 9 75 11 24 89 90 27
2 36 5 70 12 78 50 19 89 62
36 43 45 93 51 87 68 58 61 94
0 70 11 46 81 82 54 56 58 31
68 70 75 44 15 49 19 20 57 61
70 18 78 45 48 82 52 90 28 30
0 3 69 8 11 46 72 87 92 94
3 86 72 75 21 22 55 58 29 62
0 74 75 79 16 50 56 25 27 62
32 33 66 48 2 79 16 83 20 25
96 98 72 47 48 18 23 88 89 59
0 97 68 51 74 18 19 55 90 93
35 68 86 6 7 11 50 84 54 92
41 13 17 84 54 56 25 90 59 61
98 4 81 73 78 17 82 83 21 30
64 65 2 9 75 48 85 55 57 26
32 33 98 40 78 49 46 88 92 93
2 15 18 53 23 88 25 91 93 85
48 66 9 45 16 18 83 56 61 95
4 31 9 79 82 21 57 89 91 53
34 99 75 61 18 23 24 87 90 95
1 66 70 38 92 11 24 26 60 90
32 98 4 34 77 47 50 87 92 61
32 39 31 11 50 55 23 58 59 63
70 7 11 76 19 53 60 93 94 21
64 32 27 4 5 12 45 81 91 93
3 4 5 71 43 77 46 16 51 90
97 37 9 43 76 16 83 41 25 62
35 10 87 49 21 54 23 89 91 85
68 37 41 76 49 19 27 60 62 95
16 35 69 6 43 44 48 90 61 62
97 99 71 45 80 85 27 60 61 95
39 72 74 11 13 55 58 95 30 31
80 98 36 76 48 49 21 57 89 53
34 99 76 80 81 50 52 23 58 27
32 1 2 4 96 44 46 47 82 57
4 37 70 78 16 23 24 89 60 63
64 97 2 74 11 47 20 57 93 52
65 73 10 45 85 86 87 56 92 94
36 5 78 79 17 52 54 55 93 31
2 11 6 75 80 81 21 22 59
34 68 37 47 16 54 88 58 91 5