97 83 99 51 50 19 52 85 90 31
^Malicious
35 72 9 10 31 15 48 79 95
27 40 73 16 17 50 20 57 89 91
65 1 71 10 76 16 52 87 88 58
97 6 65 76 46 20 21 26 94 63
99 7 55 13 78 48 20 21 87 60
0 97 66 1 42 79 80 23 26 59
1 71 55 44 15 48 83 23 89 92
3 5 76 45 80 50 86 55 61 62
33 44 79 17 18 19 21 25 95 53
34 36 72 73 43 78 81 82 88 90
65 77 48 18 52 21 23 56 59 95
0 6 48 82 83 20 53 56 58 30
34 50 5 73 42 77 56 18 24 62
0 32 3 36 45 47 49 52 53 62
35 68 70 40 76 8 83 58 91 92
32 66 99 70 8 43 48 84 23 28
99 41 44 47 20 86 87 79 62 95
0 34 99 4 70 43 76 53 91 93
65 59 68 16 49 23 57 27 92 31
64 5 70 42 75 85 89 92 61 94
98 99 73 10 11 35 54 87 26 30
64 98 4 41 75 79 57 25 60 31
7 73 43 13 77 15 78 56 89 90
32 37 17 75 81 50 21 86 57 53
65 98 36 71 42 50 84 91 28 94
98 37 39 77 14 47 82 52 54 95
97 6 8 79 17 20 53 54 61 62
1 3 39 72 41 10 12 81 83 53
68 38 6 39 74 82 19 21 57 27
33 48 73 45 16 86 88 90 61 62
33 70 7 42 11 14 53 23 56 85
65 68 33 1 87 76 83 23 26 93
68 70 6 42 50 22 59 28 93
6 73 42 76 45 14 20 23 89 31
32 98 5 38 71 41 29 50 6 58
65 36 5 38 77 47 24 25 59 31
4 42 46 85 54 26 60 62 95
33 68 5 38 47 50 20 54 57 69
1 65 11 56 85 54 24 25 28 88
67 69 45 80 82 20 85 89 61
97 35 48 74 77 15 80 86 87 95
64 99 39 40 92 45 47 72 26 60
97 98 35 45 13 56 24 57 58 60
64 1 72 12 79 19 87 25 91 93
32 0 7 96 15 81 18 19 58 61
5 10 12 15 51 30 55 29 94 21
0 38 39 74 50 16 82 25 57 30
64 65 35 72 78 16 81 18 83 59
97 67 69 41 13 14 86 73 26 63
33 6 44 50 61 18 54 92 93 63
97 39 9 46 48 49 20 86 92 30
1 4 69 7 8 44 46 16 19 57
34 35 5 73 42 13 18 85 9 74
3 70 6 7 8 55 79 99 23 60
64 66 36 73 42 81 19 57 60 93
1 36 69 70 76 14 17 83 57 58
0 64 67 36 73 13 14 52 61 94
96 3 68 39 75 76 46 19 84 62
33 65 71 73 80 52 87 56 63 95
65 37 10 14 15 50 25 89 29 5
33 2 3 72 43 15 16 18 19 20
5 28 41 78 51 54 60 29 94 95
1 44 76 79 52 53 87 59 94 30
39 74 75 47 56 51 21 88 61
65 34 43 70 7 42 11 15 50 89
1 73 13 47 18 83 87 15 60 62
80 99 7 73 48 81 22 88 89 29
92 11 12 45 48 51 55 24 28 94
96 66 5 8 10 77 52 88 58
35 75 13 78 80 99 86 23 57 61
98 68 6 41 42 78 14 54 90 28
99 38 6 41 13 24 58 59 92 63
37 39 43 76 17 51 22 87 7 58
34 67 42 75 13 49 52 92 93
96 72 12 43 76 15 80 50 84 61
32 65 71 42 15 18 84 85 54 89
96 1 12 81 19 20 25 24 89 93
33 4 38 49 19 53 22 57 62
38 73 44 48 81 84 53 86 88 52
68 39 40 73 11 28 80 50 53 92
67 36 81 52 21 88 58 60 61 95
65 35 33 10 77 46 42 52 23 29
0 97 12 87 76 9 23 28 29
66 5 7 74 44 81 51 24 26 62
32 34 68 70 40 9 14 22 57 31
64 39 40 9 75 45 13 17 52 25
64 35 36 72 50 78 49 18 3 87
33 67 69 71 40 44 13 51 24 61
71 40 39 44 45 18 87 56 28 31
96 97 98 12 13 77 16 18 30 63
65 6 77 14 15 17 85 88 58 92
64 2 70 76 43 12 81 82 90 62
65 37 77 80 18 19 54 58 93 94
66 38 8 74 43 98 14 45 16 50
0 4 37 71 75 16 82 51 88 58
0 2 36 5 71 54 25 90 93 63
66 99 5 12 76 77 34 49 28 30
0 64 37 71 12 13 18 86 89 90
3 4 38 71 77 78 16 84 87 31
92 12 45 47 18 19 25 58 28 30