97 68 69 70 17 15 73 44 13 77 48 81 22 55 56 25 90 91 36 31
^Malicious
33 67 69 80 86 55 57 58 59 62
2 5 42 19 22 56 60 93 94 95
33 68 5 40 78 81 50 53 89
6 40 41 10 11 28 18 56 60 31
64 67 37 70 74 46 16 20 90 93
97 98 2 81 51 54 57 24 89 27
32 5 71 11 13 15 50 26 92 30
0 48 76 77 46 16 86 24 58 59
2 69 6 41 16 50 86 38 94 31
64 36 39 10 43 76 13 78 80 95
99 37 9 55 85 22 23 59 61 21
39 75 20 21 56 25 28 29 94 95
67 69 72 11 14 80 81 19 94 63
32 4 70 23 14 85 55 57 58 53
96 98 36 5 38 40 2 78 15 87
0 96 66 68 45 46 82 90 93 95
32 99 36 8 12 15 18 28 61 94
64 67 69 10 43 99 51 84 61
67 70 6 41 45 78 51 20 55 95
65 34 5 6 72 48 51 23 91
96 97 71 8 42 18 50 93 30 31
96 68 72 76 46 17 84 4 26 60
32 97 66 10 79 17 20 89 42 63
33 2 70 71 9 10 17 18 20 94
97 66 38 7 39 44 84 92 93 94
32 51 98 67 70 42 13 83 21 89
32 2 37 6 39 75 48 25 89 60
96 66 67 42 13 77 51 86 93 94
34 8 45 14 81 24 90 58 94 63
91 39 42 76 46 47 17 85 89 59
97 2 65 39 9 66 19 53 25 27
2 9 12 78 56 51 20 53 22 24
72 42 82 48 18 87 56 58 92 93
98 68 69 38 39 72 10 71 27 5
97 37 6 11 79 82 19 24 70 94
65 34 4 6 71 42 48 81 23 63
66 3 69 73 11 45 49 50 60 5
8 12 13 46 79 50 56 58 61 30
35 98 99 70 29 67 54 89 61 31
1 99 70 71 41 84 88 27 30 31
1 68 71 41 74 43 17 83 58 93
96 98 35 36 37 73 14 47 57 92
32 34 70 18 83 54 24 90 58 63
36 6 8 80 19 21 55 88 93 62
0 98 38 77 14 17 51 24 30 63
96 69 73 10 82 49 18 83 52 93
54 74 80 81 51 22 23 27 28 30
1 91 10 78 80 17 83 89 59 29
34 7 8 74 71 45 81 27 30 31
32 33 1 40 44 77 78 86 23 27
83 74 37 10 81 19 90 86 58 26
32 98 42 55 56 18 87 24 29
3 5 9 10 81 82 85 88 90 60
32 64 99 6 54 23 90 91 26 30
64 6 76 48 52 85 87 25 58 93
0 67 68 86 21 22 88 57 29 4
37 73 62 77 18 20 53 41 58 94
32 33 34 44 13 61 16 58 93 94
4 37 45 17 19 52 23 56 59 29
96 34 3 69 46 88 57 31 60 37
32 98 68 5 71 15 84 54 87 95
5 38 10 11 15 50 51 53 25 29
97 3 33 38 71 80 50 22 27 28
36 41 75 78 29 19 58 59 90 94
66 69 70 72 11 84 85 86 92 53
66 99 39 10 81 67 54 59 28 31
0 4 70 42 79 18 53 91 62
65 66 69 70 2 83 86 57 5 95
96 43 36 75 12 79 50 20 91 30
32 97 78 81 86 24 88 59 28 94
2 35 37 75 45 53 91 92 29
3 6 13 78 80 18 21 86 90 63
0 97 34 37 7 44 12 46 20 62
98 17 11 49 84 86 25 57 92 93
98 99 68 40 75 19 22 87 57 59
5 47 17 53 86 56 24 95 61 85
97 2 11 13 46 16 49 57 92 94
64 67 35 70 71 73 79 49 19 61
6 39 10 44 88 62 86 24 90 94
36 7 72 42 76 18 19 52 26 31
64 68 70 74 43 76 46 18 83 58
97 39 40 43 12 46 20 7 26 91
68 37 8 12 46 51 23 24 90 62
66 36 37 45 16 85 87 31 93 63
97 38 43 79 52 85 23 90 28 62
2 67 36 69 75 98 79 83 23 92
96 32 2 3 70 10 16 82 51 25
51 37 41 50 19 20 56 52 90 62
32 66 9 16 92 51 90 91 60 30
97 7 63 46 79 84 58 59 60 31
64 3 74 44 50 35 56 89 29 94
98 8 9 42 76 80 85 22 30 31
69 45 13 82 52 54 88 20 29 95
96 1 67 68 6 74 13 19 23 26
37 39 15 9 45 47 52 25 57 59
32 1 36 9 75 17 84 93 30
97 37 38 73 11 76 16 19 89 26
32 33 3 1 74 11 77 49 62
96 66 99 71 23 44 46 15 49 87
33 66 3 38 70 7 45 16 56 59