65 67 38 6 71 9 42 43 46 79 49 83 84 23 56 88 90 91 70 58
^Malicious
68 7 12 77 23 90 27 60 94 31
0 4 7 72 41 49 87 24 57 91
33 70 50 78 82 83 22 55 89 60
0 1 66 67 71 77 14 86 55 60
2 86 43 77 15 48 50 52 22 58
32 65 98 96 34 47 85 57 89 91
70 42 11 13 51 85 87 24 28 10
32 67 73 74 50 52 85 23 89 94
67 36 37 12 78 49 53 22 92 63
80 2 6 8 61 16 83 86 25 93
69 39 95 45 16 84 55 91 60 63
66 67 7 43 13 14 16 82 86 26
71 42 75 16 81 20 86 26 92 10
33 68 7 8 10 97 90 91 30 63
33 68 46 85 22 55 25 26 91 93
3 6 8 13 46 50 22 55 27 95
65 38 7 73 80 17 24 92 93 95
33 8 73 45 14 16 49 19 91 62
68 9 76 77 15 16 81 51 55 56
64 8 78 47 48 84 54 57 90 59
65 68 70 72 10 78 50 19 22 63
34 5 7 73 84 87 56 31 93 69
96 66 71 41 11 34 46 51 20 62
36 39 72 78 15 49 19 85 88 28
32 38 77 78 15 80 51 90 27 95
64 3 6 71 8 74 77 82 21 62
64 3 4 41 16 49 89 58 36
16 36 73 10 44 79 80 88 4 29
37 38 71 74 77 14 20 87 25 27
66 6 8 75 44 78 79 72 57 30
43 10 75 44 77 50 24 57 90 92
0 68 37 42 43 16 21 87 60 74
64 39 42 77 81 20 85 87 58
67 40 12 47 18 25 90 27 26 63
9 45 46 16 86 55 24 25 28 61
96 16 99 69 70 87 48 86 23 54
2 11 9 75 76 45 82 51 23 94
64 66 35 11 76 79 3 54 88 62
66 35 37 74 14 17 83 20 58 26
0 1 67 69 8 47 57 25 26 79
97 99 36 5 92 42 79 17 19 60
97 69 50 49 82 86 23 61 62 37
97 34 71 30 77 84 85 57 52 62
72 77 17 85 55 88 59 28 95
33 38 8 76 12 77 15 53 55 91
33 67 36 37 7 72 13 50 99 91
97 35 5 8 76 12 77 47 84
1 8 74 75 16 50 83 55 56 31
36 37 7 42 46 81 20 22 59 62
2 3 28 67 44 14 51 46 55 92
1 36 38 45 51 22 88 57 30
2 6 7 98 20 21 55 91 61 94
0 32 33 64 73 42 18 83 62 30
97 98 69 39 72 13 49 50 91 30
99 4 6 72 12 13 14 23 24 95
40 12 15 52 86 58 59 92 90 95
69 6 12 42 76 51 87 57 29 30
96 67 37 14 80 82 53 91 60 95
64 66 99 75 81 35 53 56 83 29
66 67 39 40 74 7 76 15 57 91
32 65 40 12 55 24 89 58 59 93
32 1 37 38 17 41 74 75 81 58
3 42 75 44 77 14 53 24 58 63
64 43 54 75 51 86 56 57 22 28
37 39 78 50 51 84 57 25 26 91
2 13 14 15 48 17 83 88 27 92
98 99 4 71 72 18 82 22 90 93
65 6 45 93 85 24 95 29 94 21
0 32 66 41 79 81 18 19 84 85
97 39 10 15 56 24 89 58 47 62
97 66 1 76 80 50 83 86 88 62
34 67 72 16 99 22 27 61 62
33 43 60 11 12 81 83 52 89 92
51 6 71 10 12 15 17 19 20 53
16 69 70 44 77 48 49 20 92 61
96 3 69 6 39 81 22 55 58 62
64 99 7 42 79 81 51 53 54 29
65 34 6 41 10 80 62 95 94 31
3 42 80 18 67 85 55 27 93 63
64 48 42 29 80 17 23 25 27 61
34 67 9 78 81 82 51 53 54 55
2 70 6 40 73 74 16 41 28 69
68 72 9 74 13 85 73 56 29 62
98 73 11 44 46 15 25 91 28 30
69 6 81 20 55 24 56 61 94 5
37 70 72 42 77 17 30 59 93 62
4 70 7 45 79 24 57 26 29 63
64 67 4 69 38 41 14 21 86 29
32 33 43 16 50 94 62 91 28 30
64 98 67 41 45 48 81 83 27 59
51 5 82 49 18 83 20 85 55 59
5 71 11 13 77 45 19 20 56 31
35 68 49 10 79 81 99 53 86 85
42 76 15 48 82 79 85 89 59 21
3 23 51 22 55 89 58 60 29 62
2 36 39 42 11 44 62 25 58 30
34 44 45 79 81 53 89 58 59 13
3 69 6 44 77 86 87 90 26 94
66 37 9 14 18 52 54 23 57 94
64 33 98 10 13 80 23 26 90 62