1 5 6 13 15 19 20 22 23 28 31 38 49 51 52 56 57 65 70 73 74 77 78 83 84 87 89 90 92 98
^Malicious
96 99 12 18 84 21 86 23 28 62
39 41 82 78 48 50 84 21 92 29
4 5 10 81 82 52 53 88 84 60
71 74 11 77 81 82 83 85 88 21
65 99 10 11 12 45 49 86 28 30
97 66 37 70 41 15 20 21 59 30
97 2 27 38 9 79 81 83 57 47
1 97 8 29 50 51 52 21 55 93
33 75 7 11 44 82 19 56 28 29
3 71 73 13 18 85 89 25 61
0 97 35 71 40 84 21 89 58 28
3 4 39 40 73 46 67 78 56
69 71 72 55 76 15 54 23 56 47
32 98 36 71 39 34 46 52 84 30
39 72 7 12 45 49 20 26 28 30
1 99 69 40 41 77 18 59 92 94
4 8 43 12 77 51 85 87 24 29
96 19 69 38 39 12 46 83 61 30
4 49 42 43 17 84 89 58 93 94
0 34 67 5 8 46 50 51 56 60
2 3 69 44 78 82 19 23 24 61
1 34 43 70 75 80 88 20 24 60
64 2 74 46 21 57 89 27 93 85
0 34 40 75 49 84 56 58 60 63
32 1 33 8 50 84 25 29 30 31
37 70 71 9 13 46 21 54 6 59
2 3 9 23 45 78 50 46 87 94
33 70 10 45 47 16 81 19 87 61
32 68 41 11 45 81 83 22 56 27
97 3 5 38 7 45 48 87 61 37
1 98 37 7 8 74 75 44 79 29
1 67 4 9 12 19 55 24 68 92
64 98 3 43 13 14 35 52 55 62
0 96 35 92 50 46 49 82 28 95
1 49 8 42 76 80 17 40 72 28
1 75 76 77 14 81 20 21 86 62
98 68 7 8 28 10 18 89 27 60
34 35 10 75 77 84 88 91 28 42
3 71 73 43 15 16 11 41 23 30
65 67 31 75 15 81 24 27 93 95
65 4 69 70 44 14 18 86 56 63
64 97 98 33 71 44 17 23 89 94
36 9 44 13 46 77 81 51 85 60
36 31 9 85 87 89 58 27 30 21
97 3 82 13 18 35 86 90 30 31
64 51 54 40 73 14 48 17 83 86
97 3 68 78 15 18 52 21 54 61
96 1 68 69 76 13 50 20 26 61
34 68 9 42 66 49 85 55 90 28
66 67 77 61 48 83 90 58 27 29
96 2 5 40 74 86 87 24 54 37
32 35 37 62 78 83 84 85 55 30
67 36 71 46 89 87 68 90 60 94
96 2 4 41 43 78 80 88 89 31
97 66 44 76 78 82 20 73 91 94
0 34 36 6 48 56 19 88 91 93
3 68 72 42 79 16 22 92 62 31
0 34 6 41 74 87 55 63 42 95
0 98 99 43 66 15 87 26 60 29
36 9 74 12 20 21 41 92 29 30
32 69 70 11 45 15 17 26 38 29
65 33 9 16 84 41 56 58 93 62
72 74 11 16 88 50 20 85 22 24
4 70 8 47 18 84 55 88 25 92
36 6 39 80 81 18 52 84 93
97 43 18 52 53 23 91 29 62
11 76 45 15 81 51 62 22 27 30
80 5 40 43 78 16 53 57 26 27
1 72 9 13 8 53 55 88 28 21
42 44 61 18 19 23 57 29 95
98 4 44 66 77 79 49 85 53 21
65 66 33 10 49 52 54 25 62 63
96 99 10 44 13 19 84 55 60 42
99 68 38 71 72 43 61 51 92 29
65 3 7 11 76 14 79 18 83 23
71 73 77 19 41 88 25 58 60 61
2 6 40 73 44 49 18 55 88 29
32 1 72 93 53 87 56 91 61 62
0 98 99 68 5 41 34 84 30 63
1 2 68 72 9 10 93 49 57 42
0 5 72 42 44 78 53 22 25 60
35 37 40 78 15 48 49 18 54 24
65 67 37 11 76 79 43 51 52 61
1 3 5 43 79 81 82 88 62 31
32 33 41 10 78 79 90 62 63
33 98 45 88 82 55 24 90 28 58
64 3 37 6 73 74 75 85 27 94
32 64 4 6 72 79 49 82 19 40
65 3 22 72 41 79 19 86 47 95
97 70 33 45 79 16 84 85 90 58
96 98 6 2 45 48 52 26 27 29
0 51 98 99 70 40 66 35 93 63
99 4 6 38 12 45 79 51 85 59
8 10 45 82 51 54 87 88 90 95
64 37 39 73 74 29 88 90 93 62
0 34 68 10 43 44 22 59 92 31
1 39 72 95 15 8 25 27 60 31
33 2 40 63 78 80 87 90 27 95
3 4 71 87 48 23 88 58 60
38 41 11 12 80 50 25 90 28 30