2 3 4 11 14 15 18 20 24 25 26 27 28 33 36 40 46 47 50 60 65 66 67 69 75 78 79 83 93 97
^Malicious
70 7 72 14 79 81 22 24 90 91
3 37 7 8 74 11 76 26 59 90
96 66 35 4 72 75 44 77 84 53
32 35 4 49 44 16 17 18 85 26
96 71 40 24 16 81 82 20 54 56
1 36 6 38 71 75 44 79 51 23
96 40 30 47 72 84 21 25 92 62
32 38 76 14 81 84 86 27 28 94
65 7 43 45 20 85 55 60 62 63
40 12 8 18 51 89 26 91 61 30
2 39 74 34 49 82 83 56 25 90
96 66 36 25 8 13 49 52 23 68
96 2 70 39 76 50 16 17 18 63
19 2 73 44 79 49 51 53 25 59
65 67 74 43 29 79 35 85 59 42
66 35 36 37 39 14 22 56 92 95
69 74 80 49 50 22 25 90 92 58
96 97 99 76 13 16 81 20 86 25
32 65 98 6 1 47 20 54 91 31
67 68 25 38 74 47 84 89 52 31
38 70 40 41 79 82 73 89 26 59
96 35 4 69 73 49 84 53 27 94
1 36 70 40 9 82 68 26 94
67 36 5 39 80 56 58 29 69
2 68 43 78 48 81 85 54 25 89
0 69 70 72 12 76 55 38 28
34 3 70 80 17 58 91 28 93 95
97 98 1 7 47 49 50 91 29 94
32 64 50 11 45 47 82 87 91 29
64 32 99 68 44 78 15 81 83 56
70 8 45 15 51 20 54 59 93 95
96 35 68 14 18 83 88 59 63
69 70 40 14 52 23 89 58 61 94
81 71 11 12 15 80 49 29 25 61
2 7 77 78 80 24 88 89 61 30
0 42 75 15 49 10 87 90 28 29
3 6 71 74 77 48 84 91 28 93
66 43 71 9 11 45 15 91 99 59
0 74 55 45 93 77 20 87 60 10
96 4 41 45 46 47 48 51 85 91
32 96 36 5 70 10 15 85 93 31
32 33 69 1 75 16 85 54 56
96 64 68 6 74 11 18 55 4 30
97 66 68 16 10 48 22 57 60 74
2 38 6 45 46 15 16 82 84 56
2 38 71 40 73 47 16 21 86 92
80 22 8 93 16 20 54 57 61
96 65 68 6 8 79 51 84 28 31
33 34 70 9 75 18 22 55 59 29
96 36 38 40 73 10 11 13 86 30
65 9 15 16 81 18 85 54 58 29
98 37 38 66 47 81 87 58 93 63
64 3 36 80 20 53 86 84 58 92
16 72 76 14 80 17 50 58 28
96 34 35 4 98 77 80 20 93 31
66 68 98 46 13 17 21 58 79 63
34 40 76 79 80 53 55 26 58 31
5 38 28 42 77 45 49 86 15 60
65 1 71 74 46 56 51 20 21 88
96 70 75 44 45 81 91 60 93 95
4 44 76 77 14 23 24 68 29 31
32 64 3 10 44 13 78 84 90 93
33 66 69 6 8 74 23 63 29 5
67 38 70 93 80 56 3 22 88 29
37 6 75 45 14 49 82 83 57 61
33 34 7 14 48 30 87 24 92 62
33 5 38 75 49 51 87 23 58 60
96 35 72 43 15 81 20 22 23 26
40 44 14 79 8 82 84 87 56 91
66 6 8 47 17 25 56 72 58 31
4 6 9 43 77 80 85 54 24 93
70 8 9 55 45 14 48 83 73 60
1 27 39 31 79 53 54 88 47 63
0 65 70 15 84 54 89 60 29
32 4 71 8 12 15 80 54 25 92
97 67 7 43 17 25 22 55 39 61
64 33 69 16 9 93 80 17 58 61
98 9 12 79 50 53 24 57 29 63
97 43 37 6 11 77 50 54 58 61
97 34 59 5 73 77 47 58 91 60
2 22 10 43 12 78 54 89 90 93
72 73 16 18 83 52 86 55 25 91
3 5 8 73 75 45 30 89 93 94
67 70 38 39 76 16 50 89 27 29
3 22 43 76 77 47 48 83 86 13
96 65 35 49 40 11 44 13 81 72
32 80 34 6 10 15 48 18 51 20
99 6 40 73 47 51 20 85 89 95
5 43 45 47 82 83 53 22 25 94
65 99 68 41 14 82 51 85 25 62
1 3 4 17 42 49 84 26 29 95
1 98 43 14 79 16 82 54 56 25
2 37 38 75 79 80 17 90 59 62
91 4 43 12 13 46 24 88 59 31
2 43 68 70 41 75 47 52 9 90
3 40 77 81 20 62 55 56 30 21
36 70 7 77 46 19 53 28 29 94
6 10 46 79 48 19 52 56 25 90
43 41 42 11 44 14 29 53 90 26
44 74 12 14 16 81 46 73 26 61