0 2 3 4 9 12 16 18 28 29 30 31 32 37 39 40 41 42 44 45 46 47 51 52 54 55 56 61 62 63 65 71 72 81 83 84 86 90 95 99
^Malicious
35 4 69 40 18 51 68 26 92 93
8 43 44 47 85 24 26 15 28 95
96 66 3 23 76 45 80 87 90 31
0 32 35 4 69 7 79 52 92 5
97 34 35 77 46 45 50 25 61 63
67 4 7 73 12 13 46 87 91 95
64 69 7 40 16 21 88 58 95 31
65 34 72 73 42 79 8 19 93 63
64 97 4 78 47 54 25 27 92 62
69 7 45 81 83 20 25 26 27 29
66 83 78 51 20 85 25 59 28 63
71 42 77 78 17 82 56 89 92 95
66 4 41 74 11 45 13 56 58 27
1 66 67 4 6 71 40 16 92 94
99 40 11 78 18 35 21 91 61 94
2 6 8 42 66 48 52 86 58 26
33 68 70 71 42 15 51 84 22 27
32 96 35 39 8 10 46 15 18 25
97 67 5 6 71 77 46 16 33 62
97 4 37 16 80 42 13 15 48 27
96 98 40 10 11 18 54 26 95
97 5 71 8 18 19 52 24 92 30
37 76 13 78 50 83 20 58 29 31
2 37 7 74 17 63 92 93 31
65 34 7 72 83 45 14 82 19 22
0 38 73 74 18 19 55 24 94 31
33 99 8 45 16 21 24 57 90 91
34 35 68 5 39 40 18 50 22 62
4 57 18 46 47 82 14 87 25 94
32 65 98 6 38 33 42 78 56 57
32 98 81 75 13 48 17 18 93 31
4 8 28 15 87 25 27 60 30 95
0 2 8 73 10 34 22 55 88 31
19 98 69 38 43 47 51 84 21 62
99 5 6 44 78 49 82 83 60 95
2 74 55 76 98 15 87 24 90 29
97 2 69 72 14 81 52 23 58 27
64 45 5 9 13 77 50 51 22 28
0 4 7 75 15 50 91 92 29 95
96 98 70 7 79 18 83 55 90 59
2 35 72 11 27 54 55 23 58 91
64 33 34 97 42 47 16 25 92 62
64 1 68 6 40 47 19 84 54 94
32 67 49 57 54 87 25 90 95
16 2 11 76 78 48 46 23 88 29
0 96 3 16 33 47 48 53 59 60
71 74 76 48 23 56 89 58 28 61
42 11 16 49 53 54 25 56 57 85
33 34 10 11 46 47 81 83 85 60
32 96 4 7 10 39 78 26 59 62
34 3 68 10 45 27 52 91 62
32 64 98 3 33 39 56 88 91 60
0 64 10 13 77 83 85 55 90 58
98 69 7 72 48 8 55 92 62 63
33 66 39 8 92 50 51 63 60 95
0 98 5 13 47 86 88 57 92 29
65 68 97 9 78 62 86 73 91 94
32 64 34 6 73 47 21 86 89 95
32 99 5 79 27 52 54 23 89 91
4 69 70 74 53 55 90 38 26 63
0 66 39 11 34 15 49 55 28
5 6 72 12 46 50 14 86 23 94
36 40 12 79 48 81 23 25 60 61
64 34 38 72 9 79 89 26 28
98 9 77 81 82 52 85 93 62 21
2 35 37 40 41 14 79 78 15 85
35 4 38 14 52 88 25 30 95
32 66 79 88 83 84 87 24 15 28
64 51 8 44 15 83 22 55 89 79
64 97 66 35 12 79 81 86 27 30
65 7 74 39 48 83 56 25 26 58
97 16 1 40 48 56 58 59 92 62
1 3 36 77 82 51 88 68 31
64 16 37 1 80 51 52 57 24 89
67 69 42 13 81 35 84 58 26 63
66 99 71 74 17 89 56 57 93 95
98 35 5 38 39 46 51 52 25 57
59 37 73 42 12 21 22 91 29
97 37 7 76 79 81 52 24 60 30
64 59 37 53 56 57 90 91 60 61
33 37 72 74 15 49 82 83 21 62
64 1 2 67 42 78 17 30 28 94
96 3 86 73 28 48 56 22 88 60
75 37 28 43 76 99 87 60 29 94
66 68 37 40 74 43 49 83 85 54
65 33 7 73 52 54 41 89 26 94
34 7 40 11 44 72 50 85 27 28
74 43 44 45 46 79 48 93 62
96 36 71 44 54 24 89 59 95
65 1 6 38 97 41 74 12 84 27
2 69 70 13 49 54 24 91 95
96 65 1 97 14 16 82 52 26 95
65 5 38 39 42 11 23 33 31
33 68 81 72 45 77 13 17 19 52
19 1 4 44 14 83 52 21 59 60
3 68 38 41 78 81 21 73 27 62
98 3 69 11 66 46 67 83 92 30
32 69 38 46 48 83 53 90 92 58
96 99 38 31 11 43 27 93 30 95
97 2 38 39 73 74 12 52 22 91