0 4 5 6 8 9 12 14 16 17 18 21 26 27 28 30 31 32 35 37 40 44 46 47 50 51 52 53 68 73 75 78 79 85 88 91 92 96 97 99
^Malicious
96 1 37 38 74 88 52 55 24 61
35 69 70 73 78 81 82 84 86 26
97 43 33 39 74 11 78 16 28 61
97 65 1 46 85 88 57 93 63
1 36 5 6 71 8 16 82 20 87
96 68 7 11 44 25 57 59 28 39
96 65 99 36 80 75 47 48 83 84
35 6 39 73 11 44 22 57 71 58
99 6 38 41 75 84 23 90 28 63
97 43 65 11 18 83 26 93 94 31
3 38 12 77 46 79 80 19 89 27
0 66 6 38 40 72 19 25 59 30
69 6 11 85 22 27 21 29 62 63
27 36 8 74 43 79 20 22 59 30
1 69 51 19 21 54 57 91 60 30
32 4 70 7 72 19 52 60 93 30
71 11 44 80 82 85 23 26 28 62
96 0 67 33 75 48 54 56 89 91
64 34 6 8 11 15 51 84 26 94
32 34 71 73 39 12 48 76 88 89
97 99 12 49 89 57 58 91 62
32 33 69 9 76 14 85 41 25 62
64 36 6 39 45 47 17 59 60 30
4 39 10 75 51 86 24 58 28 93
0 97 34 38 70 47 21 86 89 94
33 99 70 38 42 13 14 51 55 92
98 3 74 13 78 79 81 53 54 47
96 66 41 13 46 77 19 20 26 92
97 35 38 71 42 44 83 53 93 94
40 75 77 78 81 20 46 54 55 25
96 66 39 9 44 15 48 90 92 62
35 36 8 74 13 82 83 21 54 53
96 99 36 71 11 18 47 82 87 89
64 69 38 7 12 44 81 52 85 55
32 67 37 71 40 42 14 84 86 94
32 67 4 41 48 17 19 53 89 59
97 4 33 41 47 81 50 55 58 62
97 34 1 50 20 87 90 27 29 31
19 65 37 6 39 40 41 74 51 90
64 97 34 41 12 45 13 80 17 52
68 39 74 78 15 10 25 28 61
67 71 79 50 84 21 56 92 95
66 6 7 11 78 80 82 85 25 31
0 35 86 71 8 15 49 22 26 58
5 72 10 12 16 81 20 85 22 94
67 7 75 49 52 71 27 93 62 31
36 44 74 76 47 52 22 23 91 29
96 1 99 5 38 71 41 77 17 63
96 33 34 39 40 75 15 56 25 27
65 2 67 38 9 75 45 35 53 86
69 17 42 49 18 55 88 28 93 94
1 67 36 73 74 12 77 15 50 47
67 37 6 7 9 13 85 22 56 86
32 0 3 7 76 79 50 54 57 90
97 66 37 74 16 17 83 20 24 63
64 99 30 11 13 53 86 25 92 94
97 98 3 37 9 44 77 62 86 94
66 68 7 72 47 81 50 52 86 59
16 46 15 80 82 55 90 47 94 31
4 69 71 8 42 20 53 22 90 31
97 98 4 6 39 42 52 22 57 29
2 7 40 83 98 16 17 51 89 90
35 36 17 7 49 85 23 89 28 94
32 34 27 70 6 72 43 22 91 29
68 37 38 41 78 51 86 55 57 36
1 4 40 41 13 47 58 29 31
32 37 72 41 45 48 21 54 27 60
97 27 36 69 7 73 43 86 91
0 34 98 14 13 49 53 54 29
37 38 45 15 48 49 21 88 91 61
66 73 13 78 47 80 17 57 58 94
66 37 73 42 77 14 45 16 69 95
66 68 69 14 79 18 86 55 25 61
1 4 37 7 71 48 94 88 30 63
1 3 44 47 17 22 55 89 92 94
0 5 38 10 44 19 54 58 91 62
32 34 38 8 77 81 50 89 28 95
96 1 10 44 17 50 95 84 59 63
6 18 79 49 82 84 85 90 93 95
65 66 37 38 1 9 44 47 48 62
65 5 39 46 15 16 84 59 92 69
1 68 74 75 45 52 24 57 91 62
96 99 70 39 41 15 50 24 57 27
39 75 13 78 82 86 57 88 25 26
2 3 40 43 72 91 53 24 27 61
99 5 39 92 43 12 86 60 29 94
65 34 99 38 45 46 47 87 56 30
0 34 3 4 69 42 75 81 52 55
34 10 75 12 45 79 29 85 22 61
64 66 36 71 73 49 88 26 27 29
35 69 38 77 46 14 86 88 25 61
35 73 61 15 49 85 54 92 29 95
65 11 47 16 18 20 54 23 15 30
33 66 99 1 71 75 53 55 31
97 98 35 6 72 34 14 57 95 63
8 82 85 53 22 23 25 58 94 31
98 72 41 44 86 25 91 92 29 30
33 37 45 78 15 19 52 84 92 61
1 67 68 40 99 20 54 57 92 62
65 9 11 12 47 50 22 57 15 60