314623176
98 74 76 34 60 4 99 93 46 29
878936440
57 76 16 84 95 94 93 33 23 44
602219043
65 30 94 25 51 35 80 82 16 26
794867491
56 27 67 48 26 96 49 0 44 39
456196109
8 32 39 25 17 54 61 11 79 38
758656387
67 56 71 55 73 64 30 11 32 46
498004222
56 63 49 14 37 80 19 78 68 76
592081266
3 67 31 24 76 51 38 48 37 9
440524169
34 3 53 21 95 96 2 51 54 18
148773353
24 77 62 89 98 2 23 54 47 64
715353765
7 93 95 8 67 87 52 90 99 82
287327284
32 52 24 51 13 90 2 56 7 23
783073993
94 15 56 36 0 77 39 66 88 43
480542543
24 64 95 46 86 50 89 23 0 6
756990313
94 90 91 15 88 50 21 33 58 86
997545227
6 91 5 10 38 56 78 67 65 86
539158218
21 92 54 46 94 38 68 67 98 45
519909760
44 21 4 58 71 90 91 73 17 84
498576069
72 89 26 23 44 79 40 98 15 83
441136095
72 33 62 0 11 9 3 48 54 95
173540326
45 51 19 24 83 90 75 12 14 60
46591172
35 75 93 41 97 76 70 9 38 60
328946548
41 49 70 59 22 27 25 63 75 51
992876362
89 88 86 50 39 71 54 16 87 49
512428606
61 49 93 88 72 34 83 85 38 36
18593947
16 78 22 20 23 62 5 37 85 11
315875210
50 65 10 31 60 40 61 95 85 36
208951664
48 15 76 3 68 24 22 23 0 33
519009902
48 7 64 45 5 29 28 54 74 47
784501992
58 3 83 71 66 54 6 80 11 5
786702278
65 22 14 43 80 91 86 79 19 9
332648544
14 27 22 32 63 92 30 49 16 86
709016364
57 31 64 34 32 73 58 97 6 2
543930464
35 53 4 90 41 32 43 86 79 84
219907584
39 68 36 85 19 76 52 79 13 74
44816946
3 49 83 24 70 37 38 82 20 11
85138533
76 2 58 71 37 16 99 14 13 21
560327999
7 74 79 28 25 83 47 99 66 87
413545010
83 47 65 45 56 71 79 61 60 72
262653170
18 67 9 54 90 1 16 72 46 33
268510078
69 57 32 42 4 9 54 80 99 88
473044383
39 60 7 92 70 94 73 14 88 11
514598243
77 87 10 9 99 50 79 20 85 23
631589861
10 93 2 5 52 94 45 32 89 77
256824393
94 88 37 99 30 75 61 44 58 14
134602411
15 69 81 13 61 35 47 60 31 2
290382105
69 92 4 70 47 62 76 37 19 65
324015941
22 75 99 25 8 53 27 35 51 2
9206011
99 92 40 74 58 33 81 41 64 49
986321702
56 51 67 5 99 97 10 52 78 77
473448159
24 84 29 87 46 92 42 7 78 71
737731126
34 79 1 88 64 80 84 58 54 61
141604642
54 18 4 81 13 74 7 34 85 97
470978933
51 92 23 61 67 44 77 38 36 0
584334670
60 50 35 46 75 90 40 65 86 88
969261128
24 73 87 3 77 60 42 35 56 50
722059498
33 70 72 52 28 89 10 88 37 24
568944564
19 88 42 21 13 87 14 99 38 97
429819336
6 4 71 32 67 96 60 63 62 8
854525924
27 18 54 44 69 52 89 98 68 99
446689818
14 35 90 59 54 74 86 49 24 4
193524127
11 97 27 7 34 62 21 18 35 26
496559714
91 11 78 12 4 59 26 55 60 24
206620009
7 49 12 58 85 35 31 60 50 45
715930132
66 93 43 69 77 85 10 75 37 38
898788992
23 89 83 42 54 20 73 94 76 17
199935481
4 43 32 37 92 39 46 31 19 16
616628791
44 61 39 49 64 21 22 59 43 5
559835884
40 25 74 79 62 73 9 46 75 21
623773251
92 86 74 22 42 4 93 33 8 5
182353202
32 55 39 1 28 35 92 12 48 73
153693865
87 62 19 17 37 69 54 98 53 1
149270491
56 38 83 91 7 88 43 95 39 62
908447394
0 95 73 27 29 99 51 8 4 42
192901427
66 18 49 30 32 1 44 2 99 15
976884632
89 76 88 58 26 95 19 1 77 32
157053234
4 40 13 76 20 14 91 81 57 28
83867508
25 3 84 61 53 20 79 38 83 15
565227250
12 23 27 7 62 91 9 31 17 61
745381628
9 92 50 70 77 94 76 85 71 23
948659845
26 30 46 12 17 62 93 79 27 37
199672717
19 11 58 65 33 62 23 40 32 89
869760749
74 6 87 61 86 36 63 2 26 21
368207312
11 36 56 22 63 40 74 55 69 7
405438206
70 28 10 68 90 74 0 16 76 62
912233057
74 46 79 60 76 51 58 53 22 24
991045453
49 52 28 76 66 8 69 53 61 81
911788647
68 19 16 71 17 10 20 67 33 75
336126179
47 72 79 21 32 77 29 30 78 64
64787843
80 49 17 4 42 84 58 75 56 2
45253011
42 97 87 47 10 67 40 54 52 63
774392491
7 31 4 59 35 87 34 94 81 63
217959837
80 97 65 31 88 57 21 71 11 35
667599101
24 92 89 54 67 91 73 48 19 79
21684237
42 44 33 62 43 15 48 20 25 92
992352381
85 93 54 35 60 80 10 18 9 83
754457092
34 58 82 55 45 4 10 2 0 74
198835710
85 8 31 21 19 71 77 90 4 42
603871159
61 53 84 66 20 80 31 6 47 99
793137652
38 62 12 90 10 95 77 94 27 87
235223868
9 99 10 86 19 95 39 84 89 45
261366035
44 17 70 1 46 24 6 68 86 87
907167285
52 99 69 82 93 88 20 42 2 59
219106725
68 20 60 71 38 12 58 76 16 48
145266814
33 17 75 27 22 8 52 34 87 42
139077551
31 63 72 73 75 64 2 9 94 55
72746594
33 55 67 54 25 41 86 1 13 79
354951251
83 31 87 53 58 6 2 69 41 32
887449158
6 60 24 67 49 29 3 37 20 7
822059679
90 66 53 1 45 25 13 93 96 33
755975247
71 44 88 12 24 2 9 7 93 37
172260911
32 47 74 22 5 18 57 38 72 37
609112397
62 34 78 95 41 42 54 7 38 72
366588844
63 16 40 59 69 4 19 26 27 83
975627481
87 48 1 78 60 92 20 51 83 56
218825596
69 32 16 9 56 61 86 3 48 53
195981764
88 44 78 42 50 40 47 92 16 70
42650570
33 94 6 52 86 64 96 14 35 80
410261744
21 66 57 14 38 96 35 90 2 93
226758645
56 95 15 45 74 87 8 27 76 77
10098209
58 31 56 42 65 99 17 2 15 13
454856508
37 81 88 71 26 20 67 0 36 91
194868457
9 8 31 42 11 84 27 46 66 75
745053330
38 10 68 88 56 71 82 91 80 0
663332492
97 40 6 22 71 78 10 7 17 19
263794267
31 34 90 3 6 63 44 65 94 15
859178808
9 43 58 12 72 56 57 53 22 94
146167537
66 28 61 69 11 78 23 93 43 54
407271179
33 98 58 3 32 85 46 50 13 92
16286670
18 4 20 8 70 64 63 62 29 95
574084838
59 92 16 19 24 48 93 38 11 40
894094757
36 44 3 93 43 65 68 67 25 7
468532566
62 1 39 41 22 77 76 11 36 58
943127553
28 44 38 52 20 17 51 82 66 89
167563268
62 63 81 82 14 45 68 92 20 10
483562205
29 22 37 11 89 32 14 60 66 34
874791916
4 78 75 61 58 70 68 66 89 74
837332761
37 72 76 78 7 13 51 26 35 43
664749428
74 37 36 7 0 19 83 38 46 39
663949935
0 53 41 16 29 64 28 56 21 18
961408409
94 51 16 64 52 23 9 24 63 78
286776561
80 26 2 49 50 70 83 17 31 75
706318363
55 83 22 10 13 14 40 80 85 5
209932255
2 37 4 16 42 54 50 17 52 9
25378046
85 37 62 67 35 91 44 96 25 94
352796981
15 24 44 63 76 71 17 46 82 92
69174800
51 45 17 87 66 28 5 95 85 60
879846511
25 70 44 65 96 13 7 19 77 74
206445882
78 79 1 4 17 41 14 99 95 47
235019777
36 2 79 27 84 57 73 56 24 97
125073784
18 52 26 89 72 62 69 63 46 83
619183303
54 81 26 29 21 41 87 94 6 88
384214753
98 85 90 95 33 17 62 61 87 73
375742164
6 37 87 36 38 73 27 90 85 65
687530686
47 51 91 62 78 29 41 90 25 96
581638315
10 53 96 33 60 57 12 31 84 55
67214824
51 29 35 40 7 83 39 69 98 19
576196572
85 64 77 34 99 27 22 42 52 67
113829186
68 65 66 7 31 10 69 2 22 78
402046645
12 76 65 43 99 32 67 95 63 66
210994086
7 31 81 17 0 80 63 11 65 56
506441419
46 21 53 37 88 42 15 89 17 65
847898234
22 40 67 35 48 88 16 9 92 14
94741290
12 57 45 26 65 14 67 54 28 25
632058931
7 97 24 34 95 77 74 38 53 62
858336467
36 2 93 34 1 30 0 29 73 22
738709478
18 50 5 64 60 81 7 19 84 36
623948098
95 38 59 5 91 49 86 97 44 29
829586252
70 4 90 3 74 77 48 73 17 23
900114182
92 13 23 30 26 97 3 28 57 80
186307133
72 30 16 17 85 99 46 59 52 80
494518245
93 58 91 9 12 30 14 48 69 38
63078124
85 42 89 16 72 46 47 48 69 32
285929049
37 11 68 90 9 70 91 17 74 71
429665954
50 79 87 19 55 97 27 90 11 13
295327173
40 44 73 95 8 81 25 15 46 23
423406608
91 65 4 20 90 84 53 77 71 47
668060601
65 53 80 47 90 88 4 96 10 0
138131995
37 91 66 96 8 70 19 58 29 28
118549133
15 46 1 8 10 9 11 96 17 79
894106252
8 36 2 77 39 29 81 98 9 92
460787800
45 37 82 89 10 77 67 23 76 63
215082834
30 44 70 15 86 72 57 56 92 37
288868919
43 13 79 89 20 55 94 60 96 47
191279353
1 17 53 60 45 58 9 75 92 88
776970112
65 64 5 28 30 25 2 32 39 47
485493118
66 13 3 8 51 6 29 26 32 89
615595323
26 58 10 2 86 49 5 43 8 24
815202088
9 95 92 83 43 2 18 41 38 35
79495367
60 51 71 6 82 3 58 74 9 27
304381531
73 92 61 48 24 60 36 37 78 55
388904188
41 81 5 70 91 54 10 49 96 88
353660430
88 20 84 17 28 35 25 83 78 36
800878246
52 72 3 70 35 71 5 73 56 18
326084999
79 58 33 17 21 30 70 96 51 39
218676969
64 0 2 45 85 80 41 54 56 94
106613557
51 74 44 57 60 41 35 54 65 91
31956348
18 20 96 9 3 16 21 94 89 98
85327452
85 45 21 43 27 72 17 9 41 79
549301484
19 50 0 35 47 23 31 84 37 17
873867000
94 64 32 15 38 49 22 47 17 96
738498291
26 18 51 80 88 91 53 22 94 85
999043843
44 61 38 52 71 93 78 7 59 28
908695126
53 90 51 75 86 14 7 84 91 70
664317603
1 33 5 54 87 6 60 52 26 37
673008656
23 18 29 63 1 26 82 66 78 11
289189826
43 64 32 99 46 48 12 23 5 0
943172206
64 41 37 45 19 24 53 30 3 55
904505032
81 93 12 23 58 31 24 45 14 5
232852351
82 8 37 54 89 15 24 61 32 65
345403725
62 44 23 81 30 1 74 66 8 25
852812144
17 9 36 33 70 40 56 84 82 72
926151864
98 26 99 1 42 23 32 36 8 62
206620631
61 23 91 63 97 41 72 86 3 25
233295131
56 54 45 75 47 51 33 22 48 3
587462867
32 45 30 78 83 25 35 90 95 57
785756626
8 76 99 74 39 50 84 72 27 17
240554979
52 76 63 40 21 0 30 73 84 17
139062162
20 25 2 60 14 71 18 64 90 24
82954722
65 42 12 90 64 57 93 39 78 35
574087710
87 81 39 5 86 48 21 2 76 97
972582794
14 17 90 86 38 88 8 65 77 60
756631737
84 83 81 7 43 74 72 86 17 39
144262278
69 40 13 0 70 50 4 41 79 3
406666142
37 70 16 74 5 87 36 15 54 86
30018977
22 83 90 25 98 2 65 82 96 46
104947106
86 8 79 99 45 21 54 95 33 25
919517949
78 63 2 31 64 82 81 74 42 94
934333699
31 75 36 40 43 94 9 78 93 15
299428396
92 76 15 4 98 63 0 97 55 46
291083843
77 82 13 53 22 60 30 12 1 94
705399891
18 94 20 67 17 42 57 34 37 12
483628639
81 92 13 98 33 58 72 59 68 71
865643638
36 28 21 5 98 43 65 67 52 26
243719601
6 9 72 50 4 85 99 67 17 47
779216367
46 65 52 89 47 58 23 69 61 19
431499303
80 44 18 73 60 43 8 11 39 98
182821838
34 69 64 17 63 81 73 10 39 62
332357106
43 84 93 90 32 48 28 27 86 39
32699041
82 26 36 71 94 12 84 21 43 33
469201583
79 94 2 38 48 46 1 93 64 96
332894634
98 34 67 63 71 42 93 95 20 52
734281383
60 73 82 99 53 84 52 85 45 43
613987091
46 78 14 44 95 24 19 12 89 23
783689287
73 2 64 22 9 62 23 83 37 58
757266453
96 87 6 22 17 7 48 5 91 19
6280642
66 22 19 92 45 59 25 93 47 18
28338316
45 66 23 13 32 74 62 33 77 63
217915008
4 97 7 86 73 88 72 82 33 57
974338100
60 79 16 70 76 69 31 95 67 10
295241491
17 60 15 61 47 98 13 28 7 46
16135154
0 97 46 61 23 16 13 15 52 29
328365265
31 40 81 26 61 24 72 52 11 78
817058556
95 21 52 8 42 98 90 24 22 86
108842523
88 7 58 6 71 22 85 77 83 52
429300639
21 71 82 16 48 29 26 99 10 96
748731351
36 77 45 99 5 25 23 66 93 82
27055052
85 36 5 61 66 1 96 92 65 3
320184426
98 3 87 45 91 20 70 86 61 23
464674246
66 38 56 84 51 40 65 89 12 3
652142999
18 51 33 65 30 42 16 9 24 66
311977781
55 71 28 7 77 9 35 19 49 21
135690998
40 44 74 73 99 42 55 31 98 19
820417050
28 39 58 93 8 4 29 76 20 2
833761179
68 36 0 6 32 65 81 95 14 77
863665077
72 32 7 97 23 52 10 91 13 84
424999567
10 21 9 2 50 73 77 36 22 52
212986741
79 66 16 29 76 40 52 87 27 0
344049648
45 23 40 34 86 62 48 92 28 37
354857493
22 1 81 92 33 0 15 42 83 60
985718626
97 3 30 46 76 50 36 32 20 77
311558637
84 81 67 88 75 97 78 64 46 58
76610137
13 74 91 26 55 88 28 90 18 53
750548340
87 77 33 37 9 25 67 60 19 96
139759559
87 70 18 89 12 66 46 10 28 54
68508765
72 60 19 34 46 44 78 51 3 26
881600415
13 22 90 88 50 34 81 35 59 47
72382902
81 45 48 84 76 44 59 46 39 82
671708490
60 94 20 39 53 84 31 15 3 16
740747347
35 21 0 64 95 46 80 81 72 69
161696761
33 89 45 72 52 61 42 20 11 28
876760861
94 64 48 60 34 59 41 5 91 19
808749409
51 0 81 54 35 33 5 84 34 99
665099659
30 98 92 84 34 87 26 47 8 80
687210986
89 22 62 11 28 48 0 82 90 18
806916507
87 1 95 48 13 41 44 47 98 31
731802769
87 79 7 59 42 96 72 18 46 33
281373585
16 40 46 45 15 13 70 63 96 55
43729301
20 52 53 12 96 70 90 9 48 79
794698089
66 60 67 33 1 36 41 52 44 63
677514165
18 40 23 35 76 3 94 95 31 56
703088257
64 34 56 26 32 51 79 81 40 61
35770834
49 85 74 5 4 2 86 48 71 76
363070345
23 41 99 67 37 46 15 64 17 22
119412388
54 20 69 1 59 84 71 43 18 5
179923719
79 56 12 15 84 31 99 9 86 85
510358136
69 62 17 54 60 18 88 82 8 24
386275834
27 75 56 1 51 77 82 61 91 2
868415037
23 68 91 42 3 63 11 65 24 61
701133155
46 83 25 27 37 98 80 55 89 29
69009209
76 52 18 96 58 90 43 63 62 53
135385001
73 66 21 4 90 28 6 98 75 23
782106649
0 33 44 52 42 10 6 25 12 14
401165612
83 3 95 57 64 86 87 54 44 75
839981979
4 51 50 9 21 3 40 56 48 96
539921743
20 61 25 80 55 39 24 29 11 68
190625356
59 42 78 12 27 13 46 33 80 24
121398800
83 59 92 52 81 25 82 35 9 30
451872361
36 99 53 20 19 66 72 61 50 25
153282240
65 9 19 93 52 63 43 7 73 64
733808381
35 4 58 97 74 23 43 45 65 67
995060588
85 34 22 91 3 57 73 37 71 67
372084807
19 28 62 41 20 31 93 43 48 11
382990657
27 8 48 34 96 10 4 42 89 94
278729545
26 10 78 17 71 85 75 86 84 24
520426849
54 91 47 25 38 48 82 31 63 77
200334652
83 62 66 57 67 12 93 94 56 65
795929462
53 46 10 41 7 49 15 32 8 61
919943951
87 1 88 24 26 78 56 75 32 63
189602651
36 25 76 74 85 69 54 59 75 42
748881892
94 9 30 15 68 45 32 18 6 25
747602903
20 90 12 69 4 40 73 86 7 3
229088203
25 10 17 81 21 90 26 24 93 23
891035725
53 60 7 67 78 95 0 54 27 17
429490632
63 19 72 11 31 9 18 97 29 90
729362727
13 43 44 92 33 30 46 94 56 9
761509145
89 85 78 55 50 84 11 38 49 79
977397339
62 55 91 69 90 60 30 47 20 71
964179205
2 81 77 6 84 64 46 25 33 87
638901565
22 55 0 57 98 58 64 11 96 23
602672967
58 46 83 32 6 43 16 96 31 72
392031874
41 1 57 14 11 60 84 37 65 67
74174473
26 86 31 88 65 55 91 68 14 69
909822692
65 97 47 14 53 4 35 20 88 95
852480703
86 88 57 65 12 50 94 9 31 10
591778611
69 82 95 29 21 74 46 34 55 0
577330483
20 37 70 81 89 74 82 51 24 3
768685822
36 40 30 50 88 32 16 64 62 78
761536153
32 75 44 16 93 88 45 91 62 43
581374036
56 87 90 38 32 30 27 63 51 80
603412061
60 93 40 51 72 56 16 80 96 61
895587895
79 67 36 57 37 29 24 7 85 45
787787904
61 48 45 51 32 49 8 52 62 98
622842170
12 98 44 72 86 91 97 53 60 25
427410094
65 79 14 45 91 95 74 76 38 22
316791036
65 98 21 95 80 77 72 75 9 4
674200201
5 78 17 10 93 80 69 66 95 43
679940844
17 22 6 51 48 9 39 89 80 43
932367551
35 59 89 1 51 24 86 71 20 52
303887773
19 71 41 76 82 63 55 1 59 92
691464449
86 19 5 21 7 97 77 65 75 83
691812958
29 78 27 20 57 83 60 22 38 88
527130118
78 52 60 0 97 38 75 65 19 94
954933036
41 68 59 40 64 83 91 65 2 75
28512738
70 58 39 71 28 17 38 94 62 48
803720315
17 27 0 46 51 75 15 31 87 56
957570670
64 66 41 58 25 1 75 19 62 54
922610877
40 43 57 99 32 51 50 38 90 16
262517334
71 84 29 93 77 50 3 79 35 64
495452048
32 81 89 90 15 93 52 29 77 34
844588804
89 95 22 82 7 59 0 57 49 98
495552309
33 27 38 44 41 47 34 75 79 9
229106062
97 38 85 21 81 12 14 61 47 20
459405310
13 81 19 2 65 41 9 11 96 26
977914016
44 80 6 50 72 85 4 66 11 13
503758238
14 77 89 64 81 86 20 67 41 19
833012913
88 40 77 65 54 50 66 32 75 47
303256992
17 49 35 45 85 72 55 9 50 6
363999073
9 41 54 7 84 99 19 37 6 63
352095037
47 55 83 42 38 95 97 40 63 57
75649395
18 88 11 12 16 24 73 80 52 77
942791377
50 32 20 10 3 40 93 71 8 75
426043067
46 51 3 43 34 24 92 88 23 41
750155315
49 35 19 52 21 57 2 0 16 33
707296031
73 71 52 20 88 68 90 62 51 63
79897653
84 74 79 47 9 76 92 20 15 31
579639773
50 40 72 47 45 87 65 73 79 25
997348728
67 42 40 65 38 37 98 31 22 94
848765875
68 29 46 83 7 31 12 67 77 18
405363747
80 57 92 38 54 27 15 19 88 52
791658636
98 89 0 90 94 36 19 6 7 18
169403548
70 46 49 91 12 27 61 85 58 10
378050339
57 68 27 70 56 0 90 66 79 1
205152627
90 23 72 5 30 98 71 80 34 44
873046955
5 40 30 12 82 91 44 78 3 21
965061439
3 14 97 87 75 38 96 22 56 9
205631842
96 99 47 29 25 19 98 8 12 4
825367562
85 64 77 13 39 4 96 54 99 38
360565828
36 98 76 65 20 3 90 47 48 13
263864735
79 37 71 95 22 54 0 20 16 68
383419089
74 48 76 21 92 26 37 99 15 83
440885189
34 1 80 2 98 52 51 41 18 21
727395227
80 74 98 56 34 82 75 64 6 42
452020054
13 84 31 55 81 33 35 27 37 47
274764545
23 47 98 74 76 59 71 37 4 69
796241013
83 5 14 69 28 89 3 82 71 30
559679679
80 10 20 28 67 37 36 33 58 54
456855116
10 50 73 39 45 0 2 61 72 27
228050667
48 24 56 15 74 41 17 87 45 18
632942371
75 19 89 55 18 1 58 93 44 63
931840338
5 78 22 83 7 96 15 12 32 29
175953588
39 5 87 42 30 94 86 49 77 85
750495313
90 34 16 30 75 67 80 85 64 40
687534647
62 71 21 37 95 18 46 36 1 48
452721103
13 95 61 18 27 4 36 42 97 76
403142132
45 92 68 28 94 63 6 18 60 43
601025921
46 77 35 95 21 93 49 57 41 90
631781725
46 79 47 15 88 98 55 43 18 89
413487244
45 24 86 67 49 17 65 11 71 3
76838830
86 13 66 68 36 25 37 81 20 17
40274635
77 93 86 51 38 13 36 87 14 9
754831905
6 52 79 24 2 87 23 15 39 60
331309206
30 9 8 91 62 20 88 55 78 95
669812216
82 70 15 4 46 79 89 25 43 88
212538222
99 59 35 63 7 26 36 21 73 53
791652330
26 71 49 97 6 99 19 9 3 12
665063068
58 97 82 11 73 91 78 43 5 83
355674251
29 83 23 59 14 46 37 39 77 22
254598584
36 63 89 22 5 13 17 96 72 86
614618349
46 63 11 15 49 73 6 99 25 26
274157945
22 88 29 68 98 4 17 37 3 10
816345889
79 47 80 24 13 66 0 84 29 28
431626855
25 32 57 78 31 63 71 92 94 34
993898224
75 57 50 34 56 90 28 89 71 0
495571149
34 89 37 55 39 48 26 2 66 5
922638255
36 31 5 70 84 92 14 43 41 94
340343770
17 98 75 82 68 53 4 46 49 45
632075810
71 61 92 35 44 97 96 64 36 84
355785666
71 22 51 76 48 91 38 34 68 72
423504896
65 67 24 99 11 74 46 4 87 81
213715359
51 19 57 88 63 40 44 82 30 22
485647173
19 34 40 70 76 69 83 81 14 68
29500891
62 87 50 70 51 58 52 60 88 30
273258710
72 56 57 39 69 52 3 15 2 9
810584290
24 80 22 28 3 75 98 48 76 12
996222350
97 38 54 29 73 83 82 15 20 84
911907929
77 95 73 70 44 56 45 35 3 58
299606520
1 24 83 88 63 79 28 84 5 51
766092789
59 34 36 84 31 63 21 90 67 53
671935541
73 43 64 28 72 51 30 92 93 29
147817763
47 92 58 26 12 48 61 40 25 55
71530062
89 68 60 48 88 50 15 90 94 77
137861844
11 88 89 71 70 67 49 39 79 95
422156957
23 10 37 45 36 22 24 92 51 84
59222572
45 25 21 30 59 66 82 54 93 1
837527027
24 14 52 51 3 70 89 75 22 64
161182255
63 85 60 56 21 64 26 59 46 70
973142463
97 0 29 27 39 15 26 66 11 59
294111037
11 76 37 75 59 21 58 2 51 49
385398578
6 78 27 80 48 67 9 45 4 69
200025648
26 88 27 30 92 2 55 72 83 14
895890058
11 62 28 49 57 99 85 79 16 64
130414058
65 66 72 45 94 68 27 40 51 57
867317517
29 24 23 32 89 15 3 90 34 46
333894206
57 80 23 30 93 56 82 90 10 69
426181533
41 95 3 69 15 61 73 57 12 64
777223166
48 40 16 41 68 72 7 37 60 29
384172046
30 7 3 77 46 67 49 0 93 83
943833881
84 29 58 52 21 77 57 46 11 36
479166577
42 55 2 21 94 29 51 22 16 92
535350023
8 20 1 27 48 67 2 58 36 30
820873452
97 86 62 91 73 95 17 31 45 60
497361179
42 86 2 90 59 91 54 14 0 78
789105501
78 68 25 81 72 46 41 97 20 27
398204734
50 98 82 27 63 68 18 41 76 0
345626115
97 10 70 14 96 40 25 17 55 57
750019570
21 16 8 69 78 0 83 79 43 82
188149676
59 75 87 31 46 4 82 3 0 51
217095650
37 85 71 4 12 67 49 26 3 74
726468546
46 51 80 12 72 86 70 20 21 44
5562836
64 7 24 43 34 62 10 60 48 29
175296215
86 63 88 56 25 10 79 82 36 98
729639761
28 33 61 69 32 89 98 46 0 25
716940318
15 63 58 66 10 92 96 89 72 28
407540408
41 52 68 66 50 53 78 9 89 15
976347859
85 66 56 71 97 92 24 64 34 9
849487510
55 99 62 56 73 44 28 93 3 81
576342320
63 6 69 54 60 45 11 93 65 64
942798274
57 29 0 79 13 62 99 5 80 77
817910502
80 37 87 41 43 56 54 88 73 92
363358270
49 41 12 20 30 78 97 6 39 94
163101103
73 30 22 48 88 18 44 80 2 7
31832769
52 66 69 10 7 4 63 48 5 72
359095588
66 57 65 46 20 52 40 75 42 36
112563547
42 21 90 29 64 70 56 2 9 43
11139025
84 21 80 75 76 12 30 36 79 25
592748646
62 48 47 40 7 72 28 52 49 1
470733983
4 56 60 99 37 30 88 63 96 72
83270237
31 2 71 39 51 22 70 45 44 78
689908068
59 29 19 33 30 79 82 27 99 23
504412673
64 34 31 46 1 43 74 84 12 85
425615698
24 79 85 81 53 66 82 1 88 90
893251948
7 69 94 86 93 0 68 74 65 31
942862328
66 31 93 4 42 28 20 72 41 27
641623947
43 67 82 96 53 56 86 54 37 65
519063586
56 83 82 80 42 91 0 72 90 29
731282475
9 85 42 80 98 22 78 16 45 99
646820794
80 76 55 47 86 71 62 37 38 45
770427680
4 50 40 42 9 77 73 90 3 78
792683134
93 61 8 55 94 86 52 66 21 75