526948725
97 47 34 11 87 24 27 33 45 10
754360134
24 14 78 73 27 4 99 66 98 64
474849136
42 1 17 36 11 14 43 83 89 88
600677539
84 13 76 9 90 49 73 23 95 68
799008578
93 47 23 64 32 69 46 6 18 95
682983353
53 84 51 47 1 35 22 91 36 85
327198338
5 16 49 86 77 25 39 33 57 22
465796241
51 59 30 33 44 53 67 68 35 55
809733552
6 5 84 65 62 13 30 91 42 43
184827043
70 52 47 92 71 58 3 97 18 60
916035149
20 74 99 29 14 42 58 97 33 13
702993569
0 90 20 27 99 63 13 83 6 15
124520462
70 47 24 30 17 7 40 62 93 72
31936656
49 31 96 67 64 79 63 25 52 8
315970085
98 2 11 48 57 27 82 69 87 36
40679258
27 45 40 18 7 73 48 35 82 93
737439937
6 89 1 93 53 90 95 47 7 16
131234387
95 43 57 24 85 55 81 27 36 79
316933510
94 52 57 4 30 76 97 48 35 22
527842691
79 31 12 2 48 61 49 42 35 41
869264861
82 87 92 64 50 25 39 20 24 48
590603606
80 72 53 89 34 41 83 61 81 73
89014385
80 82 87 40 66 81 8 64 58 23
50264913
88 37 23 22 75 27 55 69 62 61
848269413
81 82 74 39 60 52 85 26 63 96
199055545
66 27 48 62 74 69 71 96 55 18
125741239
96 49 50 45 94 60 72 82 93 57
70436098
5 76 51 89 19 40 9 83 21 64
150829840
55 76 72 52 20 57 98 40 15 94
559114493
3 10 16 98 22 83 43 17 57 82
136676875
98 80 15 67 65 8 42 50 36 43
535539708
72 29 36 44 10 7 47 87 20 16
371426086
7 38 66 24 49 21 63 87 70 80
529531072
71 67 98 46 87 11 5 77 8 34
81055845
26 53 67 9 92 87 78 76 59 55
547025536
24 67 42 26 68 88 25 4 48 8
482887801
7 21 18 28 62 40 93 8 31 3
81772303
62 39 18 98 74 5 46 23 27 72
925721760
22 77 68 78 1 39 89 64 44 21
347208978
81 96 10 70 76 45 73 28 48 21
268731023
43 80 89 90 30 16 29 56 60 1
650045972
29 10 56 2 46 77 59 32 92 60
57212748
68 96 26 15 64 3 52 25 1 85
445338279
74 27 9 6 5 40 35 16 31 94
125325385
92 14 25 2 42 70 53 23 69 57
175507339
39 94 48 24 5 69 86 54 73 76
551788765
91 23 60 33 76 84 14 51 66 0
8448220
95 82 59 45 78 97 41 72 49 55
751973028
1 41 68 93 94 44 75 13 42 15
243516545
21 89 42 90 94 87 43 45 81 13
863175818
80 63 61 2 75 79 72 33 90 13
511269764
58 84 26 57 65 89 36 83 17 53
374340779
4 60 91 49 43 5 30 24 95 7
121348395
54 92 69 63 75 74 85 16 37 81
100031108
37 99 60 88 79 51 30 85 5 7
551244612
57 21 89 49 93 0 36 22 66 80
391621699
66 12 45 69 46 59 89 23 29 24
232276654
20 63 80 65 83 73 76 22 95 70
331652614
88 46 12 0 4 16 91 9 14 7
865913263
82 21 52 99 97 96 37 17 3 19
151547444
53 39 0 79 80 64 31 55 87 35
328895594
10 15 96 57 32 1 47 94 82 95
361367244
27 77 12 99 51 1 98 18 5 48
891693227
70 26 84 6 28 47 80 63 50 92
976399006
56 76 7 89 1 77 48 59 67 86
354189630
70 38 61 10 57 34 63 4 17 91
825553025
84 25 36 21 13 31 9 95 19 32
514057108
62 53 92 5 38 84 90 18 57 20
97595699
6 12 40 29 63 42 15 52 41 9
959996578
37 1 85 44 33 48 87 90 40 67
517277216
93 85 64 22 80 11 43 45 24 12
874117835
47 40 87 2 52 30 42 3 96 24
419222982
55 99 57 26 6 89 29 46 10 96
312525093
8 52 86 20 23 88 31 0 30 69
483876568
16 54 19 98 36 77 63 35 25 84
548659694
1 34 37 31 10 62 59 66 44 6
976801601
85 6 43 72 20 52 92 46 54 45
682446710
67 94 84 11 37 59 97 91 79 65
113294427
52 36 27 3 50 86 40 72 1 59
838417474
55 56 49 62 41 54 27 31 90 83
616043440
87 92 84 45 94 76 75 30 83 20
491946073
69 97 62 38 94 71 52 33 30 37
294563141
19 77 3 52 70 42 2 74 65 92
179928603
23 66 87 91 9 6 98 80 75 81
432069883
1 24 69 36 38 51 19 12 35 4
477068954
88 59 53 61 93 86 58 54 49 60
288628364
78 75 38 63 44 13 55 19 57 29
57458512
68 12 44 87 35 48 37 41 42 14
195798967
28 5 34 70 78 71 17 39 3 63
35615810
65 3 71 95 32 45 99 70 15 10
320266667
46 33 2 20 11 56 44 27 89 91
187246895
15 24 72 61 20 60 29 0 50 58
876931737
22 59 46 18 89 54 90 82 84 13
52867666
75 89 84 79 9 62 39 43 3 86
411268750
5 44 78 95 34 36 59 88 83 52
928414656
63 32 31 0 93 59 29 23 49 54
859153033
45 59 80 88 99 21 75 54 4 32
685081050
94 46 78 11 76 3 54 33 60 42
356597575
96 11 94 16 10 52 3 33 99 90
383822652
82 27 88 32 46 31 93 33 62 42
650849908
78 38 65 71 63 16 83 93 21 19
982684479
90 44 95 71 84 28 65 69 61 7
718541315
65 99 23 91 6 66 20 70 89 88
490470508
34 72 99 76 69 22 98 97 73 61
1572439
9 84 21 96 69 45 77 38 18 10
223890946
90 5 89 22 63 60 21 64 92 3
235276787
21 46 29 59 19 2 97 84 76 39
395646574
50 60 25 77 57 58 83 48 78 45
842468752
22 25 89 55 97 83 12 34 98 20
967096561
85 66 20 37 6 40 84 73 68 26
312433008
24 13 87 81 38 69 83 14 19 54
250511186
53 17 59 1 70 77 2 33 49 67
78655490
60 67 14 54 17 46 64 72 7 85
462715329
87 65 10 7 1 72 70 36 43 8
570767819
61 48 8 80 33 76 54 36 31 65
343647404
44 51 55 60 78 26 45 40 82 24
289529257
29 44 80 55 92 9 88 34 69 50
589680272
34 98 30 95 31 36 92 44 6 53
721580002
97 73 60 16 1 93 49 23 59 27
676739682
85 55 4 46 80 19 97 79 91 38
378665165
78 73 85 26 68 21 41 36 31 52
691356742
66 81 37 56 65 62 73 7 39 93
120773520
71 3 82 18 11 54 46 52 53 92
387939908
72 84 94 76 26 38 88 89 59 49
727526210
37 85 5 13 71 32 29 1 74 0
216518276
0 30 86 28 11 92 87 97 66 16
151108321
4 39 26 17 98 0 64 89 93 15
289363603
10 63 35 38 58 97 83 82 23 44
175346661
12 87 93 60 34 95 22 6 78 15
833429354
5 32 72 52 28 73 48 40 10 17
798863934
89 38 56 73 28 13 88 94 50 59
451203380
56 65 70 32 8 4 24 61 13 45
620510201
0 70 90 68 8 57 45 86 66 23
981941002
34 65 10 41 30 86 24 6 39 18
877340041
48 46 63 72 34 2 57 36 21 58
299288520
97 36 15 69 47 24 35 25 64 68
809705267
59 57 64 33 78 65 61 60 84 7
106981654
96 12 92 83 60 77 94 20 26 80
425625069
87 81 66 27 75 5 79 55 93 36
532416268
78 22 59 18 25 64 75 57 50 96
452928701
75 96 71 16 47 77 22 15 4 57
978315477
79 96 50 0 11 14 38 63 77 75
264230296
59 18 66 61 25 22 14 63 41 11
651180732
8 24 38 27 79 57 73 23 54 81
436020112
95 79 17 98 7 21 81 18 80 38
939364163
8 52 59 66 30 65 84 28 37 15
615202743
68 52 24 48 1 92 62 85 21 9
8481159
61 4 42 77 81 57 87 75 58 90
428253868
24 76 1 85 39 20 64 14 60 28
633028544
20 86 23 61 84 29 11 25 40 33
288418486
99 18 8 45 63 82 34 19 22 32
311301682
65 15 20 64 78 1 50 26 68 12
246870822
56 0 7 57 58 31 43 50 53 65
769679282
72 8 3 30 81 92 80 96 54 16
122116890
45 66 15 16 50 19 9 97 47 78
604307017
14 28 98 55 12 29 37 44 5 38
494398953
96 2 73 38 86 39 0 41 50 59
534231724
4 30 41 31 63 46 88 12 66 19
696822668
52 49 79 87 63 48 67 69 99 60
971531949
10 45 83 95 38 54 73 18 8 44
330426725
93 77 28 30 25 95 67 4 98 12
369104883
73 14 50 47 62 67 88 55 92 31
472772053
64 26 82 16 45 94 22 33 19 88
520602533
44 35 32 50 8 26 33 96 95 62
941668516
15 81 94 54 5 66 22 95 21 39
192376048
91 13 81 10 22 24 34 86 41 98
102553817
88 37 32 79 14 87 83 49 7 21
871910581
24 94 60 38 65 73 30 2 25 10
144356204
58 54 56 15 60 78 98 55 43 85
440328875
45 29 60 25 14 44 15 10 33 78
657783718
10 38 93 61 76 15 92 36 25 80
157169252
56 18 23 10 6 82 94 41 4 66
911229758
74 15 69 96 87 24 85 34 33 55
265862940
64 23 77 10 39 85 17 97 43 66
648275775
62 86 21 50 14 95 65 82 3 71
318793729
53 31 46 16 51 35 22 92 73 79
988399683
71 87 31 63 8 0 65 88 7 25
451929482
91 93 88 12 41 52 53 21 15 0
381683587
21 2 50 79 26 4 44 99 86 97
747811350
34 94 46 28 77 42 24 63 39 97
638116391
71 27 82 14 61 4 26 25 54 70
352410442
14 27 20 99 4 78 54 22 71 53
996986261
53 29 72 80 58 51 36 2 86 85
888841594
5 85 99 90 48 33 53 75 26 4
570323904
13 36 17 6 10 35 7 18 43 82
791803644
9 60 42 58 40 12 88 73 96 35
393524590
77 54 85 41 32 99 81 22 94 53
191312534
77 85 57 53 95 17 42 84 73 92
814657804
25 65 8 14 77 61 33 21 17 9
832676589
75 68 24 11 72 82 63 96 85 98
696708636
72 33 44 42 47 37 31 3 87 91
118398923
7 86 30 11 21 55 1 52 65 59
271543314
51 50 71 14 27 76 16 38 23 64
748608924
85 65 72 94 95 3 4 49 34 24
644595156
11 71 42 75 50 58 43 78 90 89
582670960
5 30 85 41 21 69 29 79 13 2
610235966
50 8 44 68 79 4 29 46 30 24
586655645
15 61 40 45 99 11 95 9 30 3
105851527
91 2 89 45 3 57 28 9 48 5
57656059
28 63 27 37 34 81 59 52 9 45
451871971
68 78 34 21 7 62 44 69 79 39
276730901
51 11 57 74 62 28 49 36 95 8
798219106
79 55 94 80 57 35 19 53 77 72
784853874
20 11 79 33 96 27 29 98 25 73
49133703
69 77 42 93 5 52 19 48 2 45
709400117
58 88 66 26 73 28 65 51 80 45
235323998
54 43 81 51 91 75 36 32 30 59
294410638
70 28 54 36 30 10 19 3 15 64
716894234
2 22 34 38 53 76 21 52 18 75
79219546
2 74 70 62 22 61 71 91 29 59
31546346
24 94 25 81 48 3 49 96 2 39
483158403
62 14 97 57 6 52 59 98 12 30
376465282
6 9 64 38 32 11 48 93 27 50
219426963
36 4 23 80 16 79 85 41 99 74
803948606
18 66 55 95 45 27 3 88 7 99
599843481
42 77 69 84 33 16 35 23 8 46
723680983
62 74 47 5 61 58 67 11 81 46
181954257
64 36 63 52 40 90 49 6 45 48
676219345
3 51 86 35 90 41 40 13 21 25
113051386
58 13 83 45 93 97 27 29 70 46
505502498
39 66 60 77 83 14 68 76 70 6
693107500
53 57 46 58 56 85 15 39 13 69
47498305
67 69 24 27 14 93 15 91 48 63
738115109
87 69 22 35 86 27 66 59 54 80
783879436
82 23 99 90 46 71 94 3 81 28
718394470
45 36 51 60 78 20 33 17 54 93
457747844
12 78 17 5 93 69 15 0 61 97
436740537
74 11 78 61 93 82 79 98 70 95
926868860
32 59 98 50 66 21 78 27 68 77
434534133
50 1 6 37 76 84 35 15 70 86
678179209
72 9 71 40 55 5 6 19 33 36
424284374
28 81 53 48 73 93 78 96 72 40
455823688
16 32 75 85 22 4 25 54 8 80
553858965
77 70 34 56 93 76 83 97 11 89
271193583
83 61 14 47 76 28 88 46 48 62
252639450
63 23 85 19 55 68 80 52 35 96
501778276
76 80 18 69 30 86 71 2 57 26
606239427
20 21 19 90 88 28 57 89 22 6
92758001
0 75 14 10 96 24 91 76 63 46
43017560
67 21 1 80 83 10 12 57 98 81
335721667
79 57 52 71 11 14 94 47 27 12
952564759
38 18 95 47 71 49 14 34 16 64
265253116
21 47 15 53 82 32 71 68 56 25
33414339
71 73 95 61 39 81 22 8 50 75
126337081
87 23 20 57 61 0 54 32 60 3
489888136
78 15 49 99 62 11 93 17 66 83
777699443
62 82 76 81 55 31 54 64 39 38
470689263
74 51 75 52 73 83 12 14 55 68
216811093
93 42 6 74 18 13 45 26 83 65
127535154
71 79 3 81 66 42 39 77 61 76
10963673
37 75 5 45 80 79 6 52 4 54
115196708
1 86 36 11 92 39 5 79 98 99
858132416
11 94 50 64 20 66 80 96 16 90
948132460
35 32 67 49 66 62 25 31 1 21
367261108
68 0 17 9 65 90 64 96 36 45
840715787
68 48 82 50 2 7 15 26 3 53
61022863
81 58 92 77 40 50 72 2 62 67
821402878
91 56 45 90 10 6 21 59 25 79
653344757
67 57 31 30 60 36 79 65 28 93
756124182
12 58 14 47 60 36 89 40 45 22
952102290
60 42 99 4 54 98 26 84 43 90
363966016
86 77 1 31 18 3 70 88 62 66
677475548
89 65 41 9 21 74 56 98 57 36
502075878
30 15 60 68 95 38 65 26 48 21
33095695
28 49 75 59 40 63 57 1 82 27
997933334
49 82 81 57 69 64 66 94 41 73
3352580
22 92 32 43 59 96 24 76 34 27
508610883
43 82 90 7 25 89 1 68 77 22
338081525
23 80 22 28 41 86 98 38 3 29
270936495
51 98 22 20 87 40 36 61 89 74
73672213
50 56 7 47 25 90 0 74 89 32
728511842
40 31 12 84 6 58 4 2 9 55
384620646
71 41 54 3 57 75 98 11 20 30
901251311
27 85 18 43 50 42 21 83 6 7
254594595
80 84 46 98 72 58 68 24 41 18
881816008
30 55 28 97 62 6 80 41 53 8
218701534
82 14 72 42 66 58 79 55 13 36
850502000
64 77 0 61 82 10 57 87 22 44
207316963
41 61 67 22 91 12 31 28 81 88
278791432
70 16 12 44 33 87 36 50 5 99
416864643
11 94 81 35 43 68 41 0 9 55
363666481
99 70 92 35 21 11 60 27 45 79
368057027
77 56 94 30 71 27 25 83 39 55
756797358
14 44 90 80 92 27 11 81 63 71
522728170
35 41 57 36 72 52 90 71 97 77
252463770
42 92 88 25 5 31 63 34 79 24
420103048
8 79 41 49 18 16 17 69 62 46
897637911
48 90 54 84 76 83 52 60 27 15
930855531
29 22 40 27 15 42 45 54 21 14
853086071
70 66 74 99 91 79 34 55 72 14
727374810
22 65 75 8 43 28 1 6 40 34
368918376
59 29 30 39 49 65 77 98 78 40
360705814
89 62 56 54 84 0 81 53 69 60
739226916
41 28 32 98 20 56 25 2 3 65
72981351
31 62 49 90 86 48 10 14 99 27
878561982
56 51 40 14 93 72 36 71 96 73
969608742
68 11 78 44 9 98 89 69 52 32
5052228
59 17 84 76 89 67 16 69 11 36
992843955
64 40 43 90 83 70 8 99 24 38
214853040
13 59 37 73 56 12 25 20 93 79
632766525
47 40 91 93 6 58 54 75 3 68
645264972
7 79 15 20 42 36 62 44 3 28
485011692
56 29 2 76 59 37 95 75 89 55
9592530
86 97 50 21 54 61 91 8 59 11
755612070
80 75 51 85 76 94 65 41 78 54
542427493
7 33 6 97 46 34 52 2 88 14
596774061
58 99 83 13 64 37 54 18 87 23
742042311
18 46 6 27 75 34 39 91 14 89
625322423
14 42 88 37 31 94 8 27 47 11
16052051
18 16 86 36 7 50 78 82 54 47
447741658
26 73 43 59 93 58 52 76 97 1
799402067
71 48 47 45 43 26 96 0 92 29
556987348
77 74 29 65 59 89 44 36 23 66
656164203
51 39 17 61 58 27 1 77 91 56
64020794
24 38 20 64 43 30 65 54 17 4
991393988
65 59 23 94 5 57 76 36 80 22
142157516
72 61 90 30 0 47 67 62 79 22
689741126
54 24 97 82 0 77 94 86 8 46
713116557
63 39 35 61 53 70 68 88 15 94
742960234
44 60 67 71 27 24 32 30 99 8
998717418
53 10 54 19 55 90 6 88 83 0
953198256
22 62 68 42 53 89 57 37 19 3
47105725
32 77 24 25 28 55 68 41 23 82
207604821
48 56 95 5 43 67 55 8 2 93
322293416
77 11 23 89 56 85 19 39 83 34
582336101
57 96 51 12 67 2 7 77 40 76
29126863
10 36 11 86 1 72 70 71 63 50
590201856
41 12 55 66 34 64 68 24 50 84
498756468
57 23 82 19 72 9 47 28 91 2
474107885
71 18 87 1 15 43 34 80 55 86
134903359
13 25 24 63 40 75 68 56 79 72
280128225
57 40 36 5 7 53 56 81 42 49
514688887
84 85 78 41 24 28 50 93 57 18
309028874
80 15 0 8 29 63 17 99 38 75
297115164
0 94 40 45 89 54 98 33 92 57
676055916
57 43 50 78 47 20 26 81 85 31
677564695
93 22 44 32 8 35 30 76 10 36
134509696
92 78 9 34 21 94 81 10 85 66
455403510
19 39 78 10 90 76 72 92 50 13
437874433
44 73 1 41 79 72 71 14 78 61
6073498
57 22 93 53 52 80 42 99 46 85
239398348
11 46 72 30 15 32 39 4 0 64
448467758
36 17 35 78 70 4 26 7 44 27
980042307
6 78 88 41 35 21 90 37 70 4
201331609
31 57 82 98 26 3 40 79 87 6
491835432
61 94 5 18 19 23 59 45 75 84
368250797
26 65 53 23 32 82 67 89 86 62
769885940
51 8 20 12 54 92 96 65 1 30
259756499
14 99 71 17 51 12 74 5 27 79
795928922
91 74 37 70 76 30 67 40 33 41
556424982
5 84 46 87 45 95 24 85 56 57
383311130
88 94 84 26 56 92 98 0 21 53
457837098
32 83 99 31 75 7 5 68 51 9
857081130
58 63 17 38 72 88 71 42 99 52
758001661
21 94 95 85 27 65 1 24 68 66
838704938
75 17 22 89 18 31 99 27 98 70
179449333
64 32 24 18 63 11 20 1 15 55
434721153
17 46 53 9 50 29 32 36 92 8
611562639
11 51 76 42 14 22 1 3 46 71
488968240
25 7 19 43 75 91 34 85 74 82
438669984
34 94 77 83 73 72 74 66 70 19
441404034
16 70 68 19 91 61 87 12 51 10
12938201
28 82 29 84 15 50 13 97 88 56
553108792
77 25 45 51 91 57 30 83 27 90
945646530
17 12 92 53 62 59 37 6 45 15
370313638
35 90 88 43 82 20 15 62 96 16
290933399
64 44 58 28 94 17 35 99 97 41
538752833
95 92 94 59 52 21 38 67 42 44
783257506
38 40 62 9 96 28 26 47 23 84
657983277
17 79 50 13 45 44 1 89 78 70
702663437
74 86 40 34 20 79 21 51 10 43
546034620
39 45 2 88 76 68 52 62 38 87
598206141
47 45 38 91 48 97 62 37 81 82
412784667
24 73 88 42 8 47 28 35 3 59
421561663
46 93 80 36 52 33 25 89 85 67
465153483
7 38 81 95 69 46 4 57 68 13
609823479
69 25 63 24 94 34 18 98 17 14
533301583
60 38 61 52 97 63 44 89 24 23
347178614
34 7 15 33 94 31 29 70 82 95
89772717
14 84 61 35 44 60 16 22 37 55
156866263
32 42 77 39 1 81 92 4 25 62
258917255
74 93 86 63 12 99 10 55 40 44
913138228
43 62 31 19 66 82 3 4 29 34
82347180
19 49 42 30 17 28 65 80 70 93
7046517
25 75 87 94 39 78 65 34 92 85
191956316
82 32 65 76 20 70 55 63 64 31
528646367
44 17 19 98 9 15 45 86 40 46
473559455
14 91 0 81 88 32 43 18 98 63
95876114
89 41 52 7 28 95 23 47 68 88
270822107
14 50 88 15 4 27 54 72 81 69
837552578
34 53 10 44 64 61 45 69 49 78
432967308
64 16 31 59 57 83 41 2 25 77
922928762
5 74 9 84 67 43 73 4 52 78
427351966
14 19 32 97 69 44 20 28 78 60
71156819
90 27 21 77 24 66 18 44 13 60
620173046
1 24 65 87 26 89 73 22 82 8
678323243
30 98 66 16 35 17 72 68 82 80
758233574
8 67 53 80 15 11 97 33 32 59
324050702
5 94 65 31 73 1 88 91 62 79
353545226
58 32 14 68 91 8 50 74 64 88
39426984
80 32 57 50 1 11 41 71 95 65
376939899
15 21 91 10 55 90 38 93 20 96
921016251
37 29 44 56 70 64 3 7 55 48
366592489
70 45 71 72 76 15 49 6 17 32
128705602
50 4 57 85 5 81 3 68 58 41
771567024
58 62 1 90 82 69 53 11 38 36
356885301
20 66 93 59 41 6 52 87 49 82
986290810
93 58 73 29 94 37 44 61 33 42
512011990
64 21 17 56 1 81 51 99 2 31
974615707
78 6 67 28 2 96 65 17 20 92
175388697
10 48 25 0 21 57 99 64 88 33
794880951
64 96 12 51 89 74 86 70 27 94
681537609
71 14 25 26 29 20 89 46 82 69
108031563
68 35 50 43 31 72 97 82 42 56
156060971
93 99 84 20 36 68 70 3 19 65
326061178
25 15 86 59 13 1 43 87 75 56
908332564
34 94 48 59 9 33 3 73 20 16
767095555
76 80 72 90 0 62 45 81 87 22
45838633
32 7 64 34 76 4 25 88 13 91
12048107
83 27 10 80 8 53 19 1 61 22
814449211
74 17 78 5 52 26 0 88 12 99
726680828
86 15 22 89 42 60 19 56 59 5
90152063
37 1 90 35 68 72 13 83 22 92
265409268
25 23 16 29 14 72 43 66 45 69
181726685
73 5 98 82 72 10 48 42 58 18
870318740
86 98 27 24 69 78 47 51 3 63
488188559
32 52 1 27 73 29 22 81 84 38
957077034
26 82 46 95 22 9 80 70 21 33
148098520
76 6 79 1 25 12 4 72 16 14
68667159
54 84 30 15 8 14 68 22 70 29
301924272
99 51 26 31 38 65 59 41 36 46
576378234
56 16 86 24 77 41 26 44 32 91
443067007
14 94 91 47 9 33 41 53 99 4
29112742
62 15 56 78 96 59 81 63 87 12
323354392
11 83 99 62 30 14 23 69 81 56
215304118
27 24 77 44 13 7 21 49 64 55
839338368
14 13 11 16 55 38 36 32 89 54
136743254
12 56 27 59 50 78 43 79 51 52
976625266
65 10 22 4 5 60 33 48 70 28
105278159
93 52 19 20 39 95 25 45 58 44
282353734
29 51 19 5 8 71 30 13 27 28
279153218
7 8 78 75 22 11 19 27 97 49
114878993
37 28 48 80 67 31 68 54 44 55
231867150
34 88 59 30 13 85 72 5 92 96
994860811
69 39 64 17 74 14 67 1 52 5
764135191
80 48 41 29 28 65 5 93 33 84
949294477
38 5 33 72 3 44 18 45 9 13
122113991
75 25 97 58 3 18 64 84 52 51
55762400
9 35 90 66 69 98 89 26 4 82
840009920
92 58 55 34 51 87 26 47 60 57
463844886
83 90 48 46 23 44 60 5 27 77
396153069
82 60 99 7 92 18 20 26 8 5
551918893
84 56 30 67 34 16 32 89 44 42
301001450
68 33 42 37 70 51 94 10 93 71
426523936
24 32 76 30 12 68 9 10 67 2
244742268
41 36 94 3 23 33 72 81 30 65
826792938
68 12 53 57 41 87 7 26 6 21
225476849
84 71 94 57 62 82 87 12 47 1
739825685
30 33 1 39 46 25 70 16 93 21
647752963
50 79 75 54 35 8 59 57 51 73
947545952
25 52 24 45 77 89 93 79 73 42
931869741
71 98 85 4 81 13 18 8 67 34
390906816
26 47 53 1 58 75 90 60 61 0
959129784
10 5 71 33 64 47 18 43 9 7
533898522
24 28 20 6 2 63 78 0 64 52
901484520
64 68 43 59 29 55 33 42 25 57
787855296
51 88 57 19 27 12 90 3 6 15
285923303
56 68 2 36 31 87 4 17 57 64
488054615
72 0 62 95 44 73 27 35 28 36
282473590
56 43 20 15 75 61 95 58 91 80
243627350
56 91 87 93 5 62 38 26 32 73
400070644
20 35 85 71 73 82 53 22 48 38
737706776
94 55 37 0 23 89 44 35 66 85
677642205
10 11 23 9 91 98 13 6 53 85
627476669
14 99 80 72 74 16 25 32 97 91
25300235
17 23 46 42 44 77 39 60 83 84
391299928
22 46 88 63 20 13 25 35 78 64
856499273
89 28 22 20 11 21 14 24 54 55
568084642
61 87 4 59 56 94 91 24 79 16
952729700
25 86 47 76 59 19 66 15 13 95
573184773
17 36 37 98 8 72 4 38 21 28
136610140
42 87 51 26 78 0 36 19 79 97
675512032
65 5 85 51 13 17 34 14 80 23
185939579
68 13 93 47 78 66 4 56 67 35
654695024
8 36 35 88 61 29 83 90 71 19
92830020
82 86 34 47 24 31 44 75 38 58
408458564
4 41 76 78 67 90 49 83 92 11
398997590
35 23 84 86 67 94 49 46 8 70
853489076
49 76 13 77 58 31 67 69 78 96
28103970
30 83 88 23 10 6 89 37 53 95
634075540
54 64 65 45 1 46 75 14 37 62
301929711
80 58 8 93 2 61 9 90 37 46
730748699
87 59 9 65 4 61 7 12 56 32
284717026
93 15 19 75 80 55 11 34 85 65
299618708
7 54 29 58 49 14 38 12 81 41
598914898
10 16 48 41 80 1 63 69 25 46
986930438
13 25 59 10 8 80 86 33 46 21
197399801
1 48 26 9 85 23 25 65 70 47
943722747
52 29 79 48 58 53 22 35 25 82
367697793
94 34 29 39 0 41 23 25 55 84