952844228
15 14 54 27 12 18 60 93 49 29
845117580
55 77 70 90 63 8 92 78 86 91
659104993
22 15 62 6 74 63 91 97 13 52
399605817
50 0 23 7 30 26 32 75 45 67
36807825
29 80 79 21 54 93 60 46 26 90
674014819
6 91 42 39 4 78 47 50 25 45
972403475
20 13 97 59 1 14 79 85 52 65
191414839
80 4 60 53 30 2 61 71 56 20
419589902
21 38 65 50 41 73 17 52 78 61
70101025
28 6 73 23 56 9 17 14 30 29
280254351
52 94 26 0 2 74 77 13 70 88
25125053
57 81 95 53 72 85 44 32 36 3
636729954
85 81 13 36 28 34 60 40 24 83
821939272
96 66 50 47 2 20 77 16 8 84
865026099
11 89 6 61 91 34 16 86 27 41
45010603
47 66 75 41 54 87 92 85 23 98
159566749
68 24 46 30 39 86 48 42 73 5
354772666
45 90 52 71 36 54 69 84 17 68
46455831
27 83 68 57 70 76 18 78 95 49
880640952
27 99 35 88 91 7 72 93 96 30
938296351
68 91 84 75 87 76 42 64 4 57
204199141
95 73 72 16 40 5 19 12 80 65
177978362
95 1 79 10 77 57 50 94 69 18
299670870
90 93 66 55 81 33 67 18 99 96
500727313
39 61 53 14 30 84 81 50 67 91
775588403
76 6 94 15 47 1 81 77 61 12
457662952
71 88 84 22 53 62 79 67 26 56
75815610
57 53 76 94 59 66 37 23 11 13
947304945
36 53 27 78 94 91 10 68 20 77
914584930
73 80 88 68 15 77 21 99 55 22
270142548
20 33 46 27 56 89 7 97 44 75
553083617
11 79 23 17 38 45 43 47 67 33
263027927
80 71 70 6 78 63 83 39 59 8
261218486
99 4 24 25 67 36 82 42 52 2
749679037
76 21 11 22 0 35 38 85 7 4
270584224
0 30 47 27 55 39 12 25 65 79
200329529
33 64 85 78 81 80 67 40 82 10
387017547
16 65 67 79 78 42 57 77 94 62
297782653
9 63 15 81 88 56 2 10 42 64
454318858
63 85 10 94 82 72 89 46 11 49
54665121
45 87 28 39 7 27 50 86 79 76
283178460
82 23 95 87 19 27 21 61 83 77
662726217
11 4 73 85 26 56 66 63 70 9
322559195
47 53 40 78 0 45 18 51 44 8
291702136
4 66 31 36 9 19 91 26 89 63
433029085
63 69 67 99 80 32 26 24 44 73
623643309
44 84 93 17 33 57 77 86 87 36
748460619
63 79 46 33 31 67 44 21 45 72
752558437
9 72 16 29 14 46 57 74 52 49
967467479
0 56 98 17 8 41 30 44 22 88
990533192
73 22 54 21 89 17 42 97 61 47
375831087
93 45 61 86 68 90 99 47 73 40
225524659
24 25 22 5 97 77 74 94 27 30
707620855
78 80 96 40 54 51 34 3 49 31
317227959
52 75 35 61 6 51 63 0 76 56
958942730
97 68 80 66 86 88 58 76 55 64
447708534
52 79 80 2 56 98 22 91 83 72
758378022
37 91 0 78 63 95 21 79 98 13
88174970
45 66 71 19 56 47 33 91 23 27
355920783
55 94 41 61 82 90 48 89 66 53
279368035
12 88 6 15 63 47 16 75 61 90
142324499
61 88 45 95 82 64 53 70 93 87
353251750
52 14 31 76 94 24 75 72 84 56
222022756
22 99 53 26 8 97 82 42 43 73
700714460
11 31 48 99 5 95 39 7 38 8
319586615
64 99 85 9 59 95 1 19 86 34
490679514
23 26 53 48 54 41 95 13 92 42
70019216
4 52 57 12 41 69 46 0 24 19
681012037
96 57 22 35 75 95 82 5 31 66
789518621
40 85 49 14 62 64 81 89 17 4
886568558
92 53 35 43 83 77 56 85 99 14
784802897
30 65 15 23 48 72 75 87 41 53
60404113
60 36 28 67 43 2 72 12 39 17
860779570
0 50 89 83 54 37 9 71 40 99
792530471
66 31 56 18 83 87 3 64 35 55
649876539
11 82 3 57 60 16 12 74 35 77
424342876
90 56 98 41 76 39 18 12 87 10
898820439
78 14 31 77 96 1 88 85 40 87
636542354
67 55 89 80 4 25 92 23 38 59
657376100
85 14 75 94 69 15 33 2 73 64
836130427
67 83 34 18 8 54 69 47 71 32
784452661
3 67 64 25 2 83 49 43 27 93
627281854
82 59 99 53 23 22 67 74 89 75
36826781
3 71 44 16 41 42 35 47 70 49
124327285
15 47 1 46 30 7 85 57 79 91
486223930
67 73 42 90 79 68 93 27 48 41
656259478
6 68 91 15 75 39 27 70 1 90
389335983
33 17 6 51 4 29 25 86 50 99
477483473
9 25 86 92 52 56 95 17 58 0
550061863
96 93 77 32 58 25 12 29 73 51
224929521
90 44 5 66 35 95 78 91 83 42
275214521
96 86 76 60 38 46 50 14 69 9
125375138
91 14 30 70 9 32 53 3 83 13
533105675
4 70 46 21 73 27 76 98 91 36
70449635
1 93 86 37 14 89 42 67 91 20
710953265
70 2 78 42 49 88 84 54 15 67
929126751
54 57 98 0 64 90 71 68 22 5
555120948
3 92 71 74 58 82 22 43 67 49
935185533
80 27 95 61 41 78 76 81 88 96
518404501
57 4 60 72 94 50 68 29 0 25
808710835
80 62 26 8 76 46 30 79 41 93
338273889
93 24 16 46 9 32 97 30 80 91
544197537
49 95 70 36 40 14 0 73 31 88
482750755
97 94 63 10 43 29 90 79 13 35
129404800
85 88 36 17 8 34 25 0 95 63
286972569
6 88 12 57 83 17 8 56 19 49
697914347
94 0 53 39 77 28 37 75 4 6
121303792
44 90 56 92 81 83 4 70 28 59
707696288
2 64 85 91 35 84 51 22 94 33
125204264
48 74 36 25 66 87 8 37 13 27
919238387
70 31 20 37 92 35 62 67 33 44
636295399
61 6 88 68 97 38 67 69 36 89
106427357
48 81 16 33 76 5 61 32 95 20
442580437
9 82 69 18 79 53 73 70 40 34
904517543
48 12 40 21 38 24 96 97 41 72
426555699
95 69 97 39 81 51 12 56 73 80
928286790
36 83 86 54 93 77 85 57 71 56
334003236
16 91 99 41 8 25 73 45 49 19
394789056
91 71 89 98 59 48 0 18 14 96
557082620
3 94 60 42 84 24 93 12 79 4
737543841
52 34 37 67 18 55 75 48 77 60
861343670
17 93 70 35 74 21 25 78 81 52
895362561
35 44 33 45 5 98 19 32 91 77
267560113
21 64 36 40 70 6 57 92 61 78
682118096
11 43 77 20 67 21 37 45 34 30
65681273
72 4 98 5 66 0 79 23 18 65
485128121
61 17 23 71 49 73 75 48 31 34
375485952
15 52 6 12 8 96 56 27 99 29
126552662
72 45 91 71 80 50 83 77 5 87
400110321
64 43 52 21 22 96 41 53 91 90
558189734
82 75 8 73 40 84 37 9 66 94
267417862
12 67 64 74 32 35 31 82 39 97
564478739
48 21 34 59 14 20 9 18 91 6
750173799
90 47 74 40 19 9 14 55 88 7
198471384
55 90 18 36 0 61 64 37 11 31
214565355
54 10 3 88 80 51 84 66 5 97
27039719
88 7 74 23 5 12 84 13 38 62
423016727
37 12 78 43 80 90 85 76 48 94
988422068
62 20 79 7 82 12 77 13 21 99
421586200
64 67 4 71 36 68 32 66 33 51
137632156
77 5 50 96 38 53 16 23 85 60
904494266
27 72 69 44 59 30 18 15 33 73
432414814
45 28 36 1 82 20 24 41 77 13
657999698
45 75 94 77 81 40 6 66 2 4
20198543
76 59 66 90 94 17 57 58 35 68
375049122
61 94 18 12 24 0 49 95 91 92
92441790
96 57 27 72 87 0 24 99 47 39
265579130
67 36 46 52 27 65 2 93 59 91
126069370
20 3 14 24 34 52 23 29 99 42
690721028
43 7 53 19 95 13 28 35 94 6
560015268
74 64 73 0 82 66 93 45 94 29
760401527
59 10 48 14 87 7 39 50 78 24
179948092
35 38 91 95 66 62 63 73 30 65
693113462
57 3 94 80 43 82 72 59 64 89
926578143
52 99 19 66 79 88 94 16 34 32
889370952
29 35 43 42 53 85 2 78 88 15
829282732
76 1 66 60 75 36 77 35 51 96
674187095
85 55 98 11 39 82 54 71 19 57
60419986
46 53 61 5 83 13 10 4 33 80
794136165
98 65 94 35 14 44 75 21 46 28
260060594
66 95 38 55 79 52 45 30 35 77
242546450
52 64 65 98 49 70 39 71 3 79
794415913
10 51 6 63 0 40 73 35 48 62
32453765
71 75 15 82 90 21 93 92 36 91
779635112
63 11 88 47 79 94 57 84 73 27
137253163
87 10 2 70 9 5 78 15 32 30
661312954
76 92 71 56 36 94 72 20 46 19
482830162
61 88 84 10 64 1 72 79 73 13
361539356
61 83 58 28 84 78 3 90 26 85
409594092
34 73 91 6 46 53 25 71 94 15
307704341
36 4 70 22 40 68 85 77 8 91
538061737
98 70 95 23 27 25 13 78 19 48
505927981
28 90 48 98 39 51 16 63 43 92
198239344
2 4 90 83 45 57 98 48 47 60
53965680
66 73 37 21 96 75 59 84 82 63
860317154
22 78 97 92 36 11 42 23 46 32
851175697
77 0 3 88 42 64 13 19 47 78
777625877
22 40 30 35 36 11 91 20 19 57
763551252
45 29 42 34 68 49 83 78 76 15
211260868
31 23 99 22 6 45 2 71 47 43
909250391
19 43 86 91 27 77 51 80 21 84
238750048
52 12 35 27 62 64 60 2 37 79
161477386
39 40 70 86 6 65 10 20 94 78
969390510
8 28 69 86 5 2 20 90 31 15
501967914
69 29 57 75 13 70 86 68 41 17
688157308
1 91 46 87 40 20 38 21 17 33
322361597
80 4 73 62 98 11 79 36 56 86
740089371
1 45 92 12 30 93 81 51 21 95
971328716
68 82 34 21 67 84 8 19 47 15
749131496
83 71 10 81 6 68 12 78 31 46
823801247
56 25 5 18 23 31 38 7 44 9
656177473
38 20 98 2 68 46 5 41 82 61
22533186
90 43 10 53 49 3 65 21 40 38
342135811
5 77 11 87 31 85 58 59 8 65
562579945
88 80 68 95 18 97 76 90 22 11
159012477
26 29 91 58 77 97 4 96 32 45
557290857
75 59 40 93 55 15 44 87 83 96
413927610
25 85 56 94 0 33 19 17 21 54
512468653
72 13 51 30 14 94 29 93 55 6
192764993
28 85 84 27 98 43 74 33 82 79
343911147
59 21 50 29 82 10 30 99 62 38
916532567
12 1 10 98 24 36 94 20 22 87
291953908
69 75 53 25 87 24 84 2 90 39
392441956
60 24 64 82 42 97 67 15 22 43
17236927
28 42 2 24 66 53 95 98 96 30
309284149
83 27 44 45 53 99 89 54 25 69
819408705
45 31 12 33 72 4 91 92 76 42
821321986
18 99 23 68 44 55 84 92 78 85
282827041
55 65 81 78 20 38 19 70 91 40
847937438
46 59 5 58 29 83 21 45 60 42
491028616
24 43 91 5 78 52 90 9 27 55
667475044
29 83 93 10 98 48 60 42 22 88
447750290
68 24 81 48 59 46 12 49 95 71
955901759
60 81 20 0 99 78 91 73 76 13
590071294
61 16 70 21 99 24 23 77 45 32
212141518
10 84 46 26 92 32 53 67 19 66
972952106
51 10 59 84 29 52 23 89 28 7
571300889
69 7 55 45 28 76 8 52 86 23
68814005
9 45 60 72 21 4 91 38 57 22
658693611
77 81 65 17 97 95 63 3 24 91
590533232
66 91 69 41 42 99 16 24 31 12
860158201
64 88 12 96 58 31 34 1 90 56
83818986
43 77 5 45 65 99 68 97 50 2
345463645
2 67 12 66 8 24 19 48 9 72
157833882
46 94 36 43 50 47 21 81 4 33
356819991
26 93 18 54 16 23 28 1 67 82
681832822
7 90 6 12 27 33 71 68 75 58
743035643
59 13 2 23 41 1 35 48 40 84
951573018
55 33 6 81 97 89 90 88 39 17
766295313
0 59 5 32 62 56 4 10 48 11
930226033
5 75 69 13 64 61 29 98 72 55
156568888
35 74 76 94 66 58 71 2 46 54
584980360
97 75 54 24 59 7 33 17 93 6
360681787
43 68 94 62 47 72 2 27 54 77
530773551
44 68 70 76 69 10 94 30 85 2
166772949
57 79 80 34 51 82 31 4 52 76
873674488
23 41 55 0 49 5 77 31 3 43
165668814
38 2 72 36 37 97 80 49 30 67
530188207
93 29 55 13 26 6 22 7 83 87
842264110
20 21 73 79 15 58 91 16 70 87
861502826
68 77 25 97 0 83 21 50 49 35
408168935
10 27 85 12 57 95 29 49 20 23
985427758
82 35 70 5 76 58 25 77 7 26
458961227
35 30 86 54 19 83 89 21 10 17
960594577
83 94 32 54 55 52 84 91 47 72
90619851
59 42 24 56 92 62 25 55 65 97
87450086
86 24 40 85 23 52 95 45 55 61
753000356
40 46 25 16 34 27 83 48 71 30
347391746
98 95 38 67 78 89 83 36 46 21
720960008
66 97 16 80 34 37 1 22 65 13
378605981
16 11 23 37 73 93 52 13 27 44
260874400
94 40 61 36 84 63 51 87 49 67
975615153
66 5 33 68 31 56 74 16 67 60
667082344
50 23 14 64 99 31 48 52 68 79
338743768
55 82 54 22 91 94 80 2 47 51
361534901
7 29 35 99 0 64 67 85 63 73
828790856
13 0 81 83 27 84 78 85 79 37
807368375
26 77 23 91 30 42 11 21 34 72
502038166
12 68 62 69 96 28 76 72 30 40
542756851
78 31 44 77 37 18 86 59 29 42
413993009
44 22 29 3 43 19 63 24 8 65
870111139
12 64 57 28 67 69 42 35 32 11
91944985
70 41 72 89 43 91 66 31 21 55
938178600
59 17 36 93 62 49 14 0 47 8
781821289
92 29 69 18 89 42 19 73 20 82
634575869
2 14 71 24 53 4 10 45 88 74
874416202
76 67 77 66 54 48 31 16 33 92
83344761
75 11 99 45 96 84 65 20 35 58
457873387
42 24 53 15 64 16 67 33 96 41
260245744
76 9 22 41 3 26 43 36 32 98
606971652
0 72 26 65 70 3 79 89 80 82
641139854
49 29 69 89 61 10 34 15 98 33
328878259
7 27 8 95 78 15 59 99 33 90
602366947
43 88 7 85 65 1 74 31 97 69
962172244
63 60 76 53 33 9 72 5 64 26
286863980
37 93 47 2 62 90 92 12 83 23
664104904
19 16 25 15 43 49 52 14 89 85
24294084
63 16 66 42 46 64 47 78 88 13
738809195
40 12 86 69 32 77 89 17 30 39
481657783
24 98 42 73 83 80 52 97 19 95
603683897
60 15 97 74 41 98 7 95 31 75
222531136
70 66 7 1 78 0 57 77 61 2
668191908
11 95 42 17 87 94 9 79 83 86
259208803
12 67 55 70 92 15 79 88 30 62
151608088
45 75 11 84 29 3 20 94 49 46
367275870
8 60 52 65 9 77 81 57 43 87
453807744
25 95 67 24 98 59 79 1 0 15
186255434
1 52 62 87 43 98 48 68 30 69
507341049
51 55 59 85 46 76 3 49 69 42
646151711
18 60 37 95 64 94 84 43 56 42
849981638
64 4 93 99 7 2 15 98 38 20
232530381
65 11 18 69 66 8 43 77 84 48
886792211
17 80 32 63 11 82 97 21 41 33
283780249
67 55 85 80 74 83 87 77 11 69
522192247
54 43 11 60 80 23 5 47 4 77
291396231
1 16 99 47 46 17 39 88 79 6
429375568
22 61 66 92 14 56 83 72 73 13
886195210
1 48 14 13 32 93 88 57 79 25
169461484
11 78 64 76 86 80 61 14 22 39
330335067
12 68 99 81 95 48 49 16 22 2
398518573
78 40 93 43 2 86 48 85 47 59
205252344
33 63 11 26 81 75 47 28 49 24
213695760
70 40 36 78 43 28 73 48 90 49
506822762
62 89 40 25 56 90 94 34 72 14
53805601
27 46 62 29 81 20 55 35 40 84
446351004
36 88 37 54 90 73 78 42 5 99
480936502
14 16 57 0 45 70 32 98 95 39
634033892
3 4 36 65 16 64 21 41 94 5
58182922
5 38 17 40 27 60 44 66 97 35
344047498
0 96 38 48 2 87 59 74 82 43
331223409
98 27 85 11 74 53 52 79 14 37
832190596
68 14 7 48 24 11 65 23 98 28
374506334
27 82 88 15 77 92 32 26 71 41
550850490
44 71 22 3 73 74 23 17 49 47
114649632
15 95 35 10 23 39 65 44 91 58
412497873
48 21 26 28 92 0 50 23 89 44
363535437
73 79 78 48 66 44 6 57 51 8
789681205
50 40 57 46 52 56 32 10 1 97
519852921
33 57 29 81 98 87 78 12 23 11
68984524
95 7 81 36 91 18 22 84 61 86
376236030
12 9 0 10 13 5 4 97 73 47
661863844
7 17 8 77 62 75 92 48 24 39
886316328
10 7 95 78 21 56 69 50 63 88
48985591
83 36 85 76 45 42 53 72 96 49
582341378
49 18 36 11 23 82 4 12 94 79
40860115
98 9 28 23 70 79 67 4 77 46
74120487
23 38 4 70 50 7 21 41 54 81
446331980
29 6 46 66 43 27 76 35 36 63
502055555
85 3 54 13 66 73 24 99 80 30
11990728
64 5 77 2 50 81 40 23 69 56
349127195
95 78 38 20 16 3 1 50 44 40
497762912
90 96 4 95 91 93 39 25 66 50
715493284
45 95 26 97 43 91 49 73 7 69
580360810
95 42 90 59 15 43 52 4 27 17
926468737
89 79 92 77 66 64 38 6 69 26
73409813
88 56 66 0 45 31 84 68 8 49
987736024
71 85 76 38 98 45 93 58 47 92
905538772
6 12 72 53 90 19 33 9 99 48
926346906
18 97 69 80 71 25 58 83 64 99
279430797
53 33 68 76 46 65 78 60 64 52
698597034
74 56 67 58 16 26 42 25 30 37
244724787
76 86 46 18 2 12 84 69 57 1
994168498
37 91 48 59 28 73 33 47 61 16
469178852
23 84 51 24 36 3 92 90 55 65
59416997
83 45 62 29 73 64 99 25 38 58
815269966
65 33 61 37 72 27 55 74 97 47
94821998
32 54 18 85 34 83 97 44 66 31
738180177
61 18 89 82 62 90 6 80 14 12
448062990
15 95 38 91 49 29 76 34 40 84
979144279
25 99 30 87 32 18 55 11 22 90
381971483
41 63 15 61 29 43 59 87 81 70
49447844
60 44 76 31 54 22 52 16 79 45
748693645
59 81 23 93 21 69 38 32 70 88
821305543
94 42 13 3 87 40 37 47 4 9
596068363
17 51 68 70 34 73 71 28 10 59
297682838
27 56 57 51 62 89 85 33 49 99
279909632
94 85 69 47 45 48 27 12 60 50
168226687
33 32 14 51 90 56 47 44 61 55
109785170
11 94 54 96 1 92 51 14 57 77
299516530
94 67 43 8 80 31 77 70 16 10
572913425
26 70 22 5 20 99 46 31 18 36
750737917
92 47 70 25 27 86 24 71 36 78
333670410
61 75 36 54 22 77 78 91 13 51
360950198
0 58 82 53 83 39 79 11 64 77
63231829
53 9 42 29 62 81 34 72 56 19
560008878
11 51 87 31 35 54 80 22 15 88
609270346
43 36 14 93 29 19 51 55 52 69
414647554
26 37 48 10 90 61 18 34 14 75
728863781
98 15 8 74 52 17 76 58 65 45
624236613
47 42 67 12 86 73 8 63 37 83
281853691
97 83 36 1 37 42 57 77 15 82
289024300
91 24 89 47 2 94 15 72 43 9
525155906
54 36 90 94 42 17 51 19 33 88
954106774
29 11 25 42 66 88 30 32 35 23
370583933
61 30 71 38 45 62 12 79 64 97
448833904
37 58 93 78 83 50 80 35 72 56
593781191
16 21 45 85 40 13 61 33 91 92
488461714
70 40 56 80 38 14 86 26 77 33
449522705
94 1 64 30 50 69 28 67 62 71
319465607
35 89 2 71 68 59 49 32 8 12
228196204
10 46 62 13 76 37 55 51 99 98
646128646
44 92 39 28 54 49 57 65 85 9
156061494
61 17 59 82 49 80 6 2 29 83
965877667
80 14 21 33 26 40 59 67 25 52
447400269
75 63 53 15 70 13 24 99 35 93
834150623
38 86 30 15 2 63 37 23 61 58
725403885
24 0 57 79 19 32 11 90 44 89
686765318
83 6 52 50 25 55 98 17 33 28
11613678
26 6 29 14 12 39 90 85 68 72
256030535
99 54 32 29 20 8 25 40 9 84
724351416
88 53 63 18 23 6 61 58 41 70
905475711
78 38 62 66 80 15 84 53 95 96
981655538
77 19 51 37 2 21 20 71 78 9
126926753
7 91 84 40 28 39 30 64 0 18
874459826
89 83 15 37 48 11 75 62 85 88
87087542
15 95 70 82 23 13 79 0 48 89
482555992
8 85 28 1 69 39 41 52 75 74
68684200
56 30 96 54 65 94 10 69 21 66
530026855
85 91 62 74 75 37 21 29 50 3
894270593
63 35 84 33 42 19 38 52 64 34
237893819
1 25 60 33 30 37 79 12 40 45
947030575
21 60 75 44 78 10 59 1 64 84
653690794
25 56 93 96 66 26 45 92 11 4
739258713
94 90 50 62 72 76 34 24 68 67
95470396
91 83 23 57 94 45 68 40 19 39
948413400
12 0 14 11 10 21 47 82 20 63
369983261
93 86 84 14 48 88 79 98 56 75
400041602
64 47 86 55 5 25 41 31 92 91
190838434
62 26 5 78 48 85 92 33 60 38
47278938
3 46 70 32 39 45 43 35 75 2
37966407
72 25 48 59 80 22 4 3 21 86
806387189
31 52 90 47 92 98 23 20 3 22
967734800
0 89 71 23 81 79 45 9 58 69
422424601
98 71 14 85 93 80 68 38 28 11
276130454
90 23 1 12 97 54 2 84 72 19
653750735
33 94 61 62 20 83 86 78 93 30
356946123
89 68 13 70 4 46 84 19 25 94
225574338
86 99 59 97 67 83 48 8 94 35
800223787
8 75 89 32 74 99 58 2 37 90
419839491
55 59 46 2 12 39 58 35 82 37
704099555
67 84 18 64 9 95 48 44 81 37
512100861
92 32 29 97 60 59 28 6 45 61
882984118
65 15 34 3 56 61 78 73 52 17
79227855
99 0 6 94 38 71 88 57 86 50
910553924
47 53 59 71 2 79 11 42 89 13
544350057
66 60 46 98 89 33 8 48 17 2
243981426
53 22 13 76 87 39 85 70 86 84
903302774
43 46 13 98 32 80 20 11 77 87
915296861
74 44 15 19 85 23 0 30 63 53
689991562
83 62 88 45 18 75 57 30 76 8
216570726
24 23 77 99 61 46 44 33 51 97
93362079
5 89 65 91 88 45 28 14 67 71
700788847
32 98 30 59 57 80 97 3 91 66
833088834
2 20 33 87 43 7 65 50 69 5
890804333
34 65 6 9 89 25 59 76 40 15
388650627
64 4 88 46 68 40 30 28 89 86
649847661
99 54 64 78 93 31 95 25 24 96
160561865
39 85 90 30 0 51 9 37 23 8
492337506
43 91 14 53 7 73 93 61 82 52
945432651
39 55 62 59 74 92 12 43 18 68
392725210
9 92 7 32 69 42 26 40 28 21
646329879
66 33 79 95 13 10 29 38 17 34
355597574
17 33 31 38 4 30 50 70 68 39
634497253
51 24 62 28 63 57 39 43 79 56
259401720
71 26 37 81 13 4 36 20 89 65
420432929
60 25 1 57 33 32 20 14 26 76
819650508
33 19 0 2 61 98 67 8 44 28
212482113
63 94 96 70 16 8 7 28 85 24
177360123
4 89 79 14 80 50 35 91 88 5
590290442
20 33 60 11 34 83 25 12 71 46
290211657
22 99 29 5 19 33 46 23 75 16
447955681
33 79 72 94 73 47 67 10 83 52
85391660
57 52 69 20 76 1 32 80 97 15
164427381
99 77 54 1 68 5 25 70 95 22
559710085
98 27 91 88 79 11 36 50 0 16
85175193
14 62 84 19 73 61 12 51 80 74
281471992
59 3 35 4 2 45 37 30 97 18
477331984
30 5 52 11 6 51 40 96 53 29
735635852
11 38 44 40 48 54 20 62 63 77
226872916
12 15 27 2 74 25 57 45 52 76
481932778
2 9 80 92 90 4 19 1 15 12
848382370
94 61 38 43 7 14 12 88 16 42
523189661
98 21 77 0 37 67 58 81 28 2
372965841
55 51 53 12 46 50 85 88 83 48
802531478
13 75 15 0 40 54 78 6 88 97
353439157
63 33 19 32 83 23 15 4 53 76
884602519
98 86 90 42 7 15 93 41 21 48
896649830
2 77 35 8 74 12 64 39 17 30
887449585
62 47 45 1 68 96 63 32 70 95
251107570
91 22 57 44 9 29 38 93 63 23
692544324
66 29 7 14 26 90 72 18 3 16
259820529
4 27 28 14 58 62 49 54 77 26
553923631
56 21 27 23 10 13 61 42 26 25
621306121
57 93 38 88 65 44 19 33 80 55
130415087
79 4 39 90 60 72 15 94 50 17
185308087
0 66 61 6 42 87 62 92 79 83
395082464
26 88 95 56 41 5 21 27 16 29
970742571
4 16 57 29 21 65 64 96 23 26
387117806
47 28 90 48 12 88 63 55 26 86
621596208
92 54 39 4 35 20 99 75 98 53
409654667
88 83 97 19 58 12 70 39 50 84
213390279
83 89 75 30 56 85 59 71 48 79
528630
4 44 34 13 39 99 37 96 62 49
333647292
25 19 58 62 96 86 92 53 76 72
364309968
99 30 37 97 67 60 26 25 78 62
542509372
54 88 20 86 22 50 11 12 45 15
204261782
44 27 93 80 95 32 89 85 39 36
916539741
93 82 86 65 37 1 92 31 28 25
681764197
92 76 45 77 8 23 31 35 69 50
878546266
85 9 45 56 6 17 96 8 15 5
326060323
22 33 9 67 60 23 61 44 70 94
298933510
71 89 18 57 44 73 87 41 66 49
103372260
82 25 76 78 23 0 61 5 72 34
535773764
27 58 40 61 8 9 94 96 84 47
989382643
14 73 24 76 69 93 99 61 19 29
52310281
32 85 65 36 84 72 64 61 2 20
123037919
10 6 79 23 74 54 63 15 52 18
991210310
21 8 4 27 13 84 46 42 76 71
450912583
64 77 3 89 59 18 57 53 25 34
962535842
38 6 73 74 50 13 89 2 11 92