491758373
49
129897308
45
969516086
97
763865808
78
918464934
6
278005841
41
647497336
60
305130932
66
748732987
49
289400722
81
437105667
7
392979521
80
168362334
82
260164795
42
172116332
99
208310346
85
794529241
10
784817141
26
37118722
99
348459763
43
253218338
12
191239536
78
661769132
53
784848004
76
905609649
61
331717230
61
325481393
89
811152972
50
738274504
16
689529163
65
462984621
94
239744116
35
639190743
3
664292259
93
265085389
9
671613862
28
690535565
48
433175512
59
200282610
53
836610833
83
863011310
37
106405905
5
819014196
27
375652750
82
210550058
36
335982116
52
467265370
62
780528675
67
882022229
9
188643384
62
391808263
67
144955131
71
207544135
12
76872384
8
186427694
70
299308036
8
160639372
46
105145821
11
764799093
88
463129999
58
803264696
45
521530794
60
52686241
28
953198374
51
359967143
89
99686839
55
152937836
73
365731271
96
74030987
97
888623366
40
886699808
84
477662884
70
205771402
59
172307969
92
814308948
78
715502659
61
98070741
27
774817944
44
788550853
42
795891386
46
946715292
86
357057845
78
852659525
56
814399727
83
243440451
30
705669319
45
600983324
79
807258261
78
765586000
33
601424137
30
417119008
75
133261050
71
231615202
30
163355399
36
534566298
16
68383705
60
977910970
80
745470732
91
402250837
58
783892385
49
280855575
0
204402432
97
825961489
15
283828252
0
667262822
5
191807121
99
132036012
46
849697265
75
59922003
54
135945507
18
513498051
52
556056025
88
684999633
93
918992020
25
862278806
30
46742455
87
504905474
2
79075357
53
260863037
46
715178986
18
762343538
74
728808638
45
32777872
93
616732126
94
486921076
82
193666152
72
36236490
19
207270408
89
673082423
23
903025758
43
817963214
41
942503579
42
618716144
60
763565783
46
869963571
7
747188524
85
273577325
82
451734853
27
625986411
35
109490958
82
171736268
19
405734018
54
677196812
68
841426591
87
481074846
35
740874548
63
757819182
2
267456100
26
598961380
83
722358656
93
996761270
69
52253802
90
53198164
90
956206428
60
260793359
92
57112900
61
378789567
26
990279951
2
712067862
27
571847255
87
118476460
85
685871098
80
612911623
73
507886691
69
9308334
91
685977268
89
253803219
26
287315132
45
244064902
16
527650209
64
501807551
75
76607502
83
807283854
7
222474288
43
752529506
18
734106197
19
528797692
27
509283342
41
743478733
45
977606563
30
672117127
86
779232231
15
601892619
20
944916105
23
333307288
99
618871713
1
461494204
31
750603748
92
645919145
38
630845261
1
332934137
46
675849273
38
124753584
69
267322207
15
447081457
88
69721123
93
892140020
59
828814117
50
57108413
18
690052760
51
796413271
89
574163512
85
9621779
27
854682560
93
593146626
70
887990815
92
596274560
85
762046113
91
436396536
87
507683525
52
969402288
36
8011332
14
104637659
94
979817626
15
496307763
10
812594172
23
899632719
26
207140316
56
146794636
20
711621874
17
298902859
41
887072798
60
83224914
65
210431923
37
211400540
12
856503104
57
265779879
35
614173003
82
973964803
74
723458771
8
153886944
68
949884807
28
882487987
30
227840943
71
611770260
90
944169177
42
121291775
22
266639878
24
228421668
64
964237832
88
787337164
73
548529953
62
511173518
2
760887819
32
544361425
23
189341784
69
550710359
52
684384711
15
151105775
9
523650345
50
9479644
89
219994820
28
503943275
57
262492994
17
523718595
68
951788733
55
991425796
78
601545300
33
310815780
35
825686351
46
85989675
31
744408324
8
778915696
50
818693380
73
783119155
55
144808820
60
415017073
2
159488101
77
733716242
73
992685280
96
548259265
36
351694927
96
809559122
15
56294742
11
538685879
15
990567247
67
571655520
75
60864087
48
246194327
43
817419464
2
554316856
84
198739841
1
135240312
71
695830359
33
163734465
19
13438636
7
918018860
16
799105134
29
611763267
32
455695370
78
8345614
37
296177245
72
907042456
53
192697134
49
917158613
15
90792825
33
3646420
47
730439294
52
543230390
53
33587621
8
602858604
69
228918397
18
301587814
48
129646467
5
892501801
3
719826117
92
845836256
94
143027316
33
631209175
91
376072935
33
617531270
12
908404977
42
167343000
81
388125941
24
982005753
21
65644592
94
245972238
4
911847278
89
435521303
8
754996984
85
899128046
12
814744718
31
503580711
62
890692558
84
429776855
1
400201737
84
933294638
25
794074653
99
623952266
26
187138844
46
50610163
34
266699714
91
678214129
56
829738044
61
774057783
48
293193780
2
804581726
43
515635567
4
937253709
59
297522671
13
668739183
30
730681188
77
788496916
29
238337753
61
769799141
75
723293832
25
685322455
48
444346235
11
900329852
80
953728172
53
569886348
35
821416204
18
493555191
65
316111847
59
92418348
16
516240213
70
78480978
54
747045485
32
635392470
34
770816304
84
642866479
21
922193488
81
555378247
21
436149193
34
446272219
90
23686597
15
330708657
95
192311308
45
531373188
70
582042922
46
190063135
86
9610158
76
627846884
24
377394207
26
728218989
67
976550207
11
504379722
74
584735992
48
889453846
32
861944259
41
885818800
72
606431835
23
577782776
6
781138522
8
566557033
9
221078471
29
612074495
53
784667260
44
818264704
87
476630459
24
622828660
81
2129851
76
455645134
81
338356638
85
11935392
64
821599234
93
791498306
38
557958770
12
725412717
77
950759154
83
539839710
67
154949576
31
904226433
72
667224415
67
315629351
34
381469283
29
69025257
91
924800679
69
911987238
44
297577007
51
644532313
64
840569577
45
487282855
42
524864906
28
627327236
31
437361450
46
624998740
8
58002187
9
170961326
27
791418985
80
146256073
8
335723142
91
441887512
14
316563356
18
426524427
54
702143063
52
263969374
92
467304811
33
756119383
77
668448344
67
548332572
29
694297291
27
808457877
8
644793004
25
875701749
73
347635146
93
681496315
41
486396268
27
878345693
45
307135547
5
725040273
39
841440658
10
289107233
45
787668342
74
489197318
78
936362665
15
540629802
83
363173370
5
218968329
93
890937970
94
964251541
5
234424601
85
567564318
77
313435545
60
1671057
83
975276460
9
454040244
52
191478595
21
914209360
72
866665967
53
81922336
17
700881054
62
876241043
28
810248049
62
236828769
16
688541115
90
901468964
52
771942111
20
391152539
13
756546592
66
305456230
15
866189127
38
307234078
25
220395253
45
694891678
48
215854049
9
527473875
73
476478058
69
453736151
77
210450732
95
98065095
92
955883737
2
719035797
70
786145426
9
553450575
15
767427272
95
86871668
76
910360649
73
736511964
44
622070402
73
910643232
20
943778001
3
3382183
48
583417504
49
174187541
88
108191733
33
427277061
79
827573623
53
738610938
45
160366237
43