242416090
75
826258930
66
387093727
7
816646161
37
543220297
44
74541095
99
759210052
6
105712599
77
271294867
63
175823717
67
565517638
66
535934223
83
610361060
76
773728956
11
410112995
28
882460811
63
965468430
99
306539532
86
690924184
51
925910928
53
276641898
91
401883365
57
285619274
28
720827556
22
450585251
99
784467944
88
617669865
77
380538665
57
923700022
45
944277172
32
270997204
84
173075511
91
808436788
77
409804700
18
857308123
1
779097475
10
670874392
70
246428962
3
366492157
91
319380709
60
322205858
89
236111514
43
159245866
94
886825782
57
201487240
63
237864510
60
419810320
83
399499105
78
471520453
6
68487811
25
364781460
35
681907063
10
903300411
70
138899336
51
734177462
26
276328133
97
398344319
20
531641115
15
681819990
47
656813833
69
226889710
31
242273643
60
135751006
29
398231504
72
417659308
42
726361393
65
903281466
71
717393868
90
941999762
41
27312604
86
670851387
28
494478133
2
752328697
8
697127885
33
847718529
21
257141546
24
414040789
63
304826953
98
122929107
63
474981249
27
190611862
85
888427594
27
765341060
55
548269920
29
935104278
12
901482923
73
63899069
1
718767446
21
655786970
60
607497241
26
228870292
94
507145674
59
441585950
27
772629381
63
537723666
44
770003877
32
532954687
45
228788594
28
745535053
3
239192808
11
765746098
98
428470658
59
793527044
83
367592653
56
602483556
81
414092101
55
470326911
40
736914693
83
639102205
34
933465674
71
99030837
86
798754162
5
557788190
68
310039348
61
649025113
22
871483014
25
640017004
77
843416468
79
860751251
52
273889043
56
439528508
7
304570758
89
852951301
84
969056191
77
846606578
49
999790287
12
847312216
36
649065511
62
151575464
15
490411278
38
954892664
75
699397008
83
957039830
76
604060626
13
251491749
63
533670525
45
211477535
55
191031614
80
280148873
27
957332904
69
997978818
51
285109015
74
586118453
8
412617008
10
424153850
54
24247918
31
298919855
73
391882361
18
209144186
50
678017471
89
452413253
22
777943186
86
772840300
89
600289255
18
514636360
15
875146948
19
516892237
14
121642187
0
128873727
78
916462087
18
800378674
51
496166849
37
849668767
85
405100630
31
653457540
97
406563771
29
920753844
87
240555296
54
535678492
26
381274566
4
346036240
95
499400366
1
199269550
3
521473059
25
375638520
86
718227418
72
439280654
24
637984582
79
771726002
18
435702278
66
534456727
28
926045447
34
975192816
43
612287039
0
659297491
57
715401008
30
777451967
27
862296761
33
323379930
82
429731281
68
305196676
93
927371924
21
500844261
35
340628859
94
684044191
47
784649611
69
709347822
78
294884403
1
965778156
45
414729380
15
911099984
15
265553504
42
78531794
27
889631669
16
619430397
66
741753153
44
559821784
60
179797944
90
66093931
9
662012856
59
146309168
40
162324346
46
817621898
19
257784769
56
948360570
27
448472541
44
388080259
55
111512338
77
250967912
56
865340291
84
408622488
54
182781865
86
277541326
77
833535176
73
650323388
23
268318008
57
628597055
78
894246156
34
342360891
56
518119441
4
373104210
3
162520915
60
519083916
80
846468084
55
243666180
75
721857902
95
312356981
65
384017324
84
385944820
6
175487181
39
953946538
87
911253769
28
847938496
77
429495043
20
934943349
75
90065175
96
959380101
17
392184484
51
728393432
57
135362418
79
614556172
54
621782171
51
91841929
15
599470679
24
463332729
15
926916993
32
122160182
18
451217678
14
237594368
87
585323834
84
564833388
84
670924854
75
773799546
26
383161634
87
769767776
75
364209726
86
122157404
8
669317713
41
56810127
26
341449993
45
105423259
32
986695819
75
548820218
59
977627620
63
234639775
44
396799546
73
20374352
87
471483350
81
695810262
21
289496730
78
65790218
24
733134213
13
466307054
49
788193315
41
662880183
78
758394100
73
69689913
95
749525973
1
949008661
7
472499419
51
997307630
16
658893596
49
415187589
90
393455749
55
122155344
83
774742010
33
617719612
6
300912004
36
219999483
71
801522085
87
293429684
86
79211479
41
567887145
19
592057586
41
887948669
99
500888226
86
244387022
8
124294154
23
165389336
21
961328023
14
590693820
91
854758146
52
267849191
51
200977548
22
861933302
55
443484883
40
67912168
32
453717904
16
110514365
5
643871241
22
339415057
12
458573198
38
764785170
97
749106701
89
134919042
99
706456211
68
826603682
8
947041325
98
415424580
66
407458694
21
834233978
30
57842191
74
601871023
5
237833413
86
923055042
9
408324517
92
303480974
82
746658497
9
767520159
5
585701823
27
161332713
43
375301184
83
726205114
45
405572896
44
968923054
14
374712416
52
281155896
53
205203522
59
114668040
12
324310924
3
830906268
6
864997909
35
228128862
58
818594750
85
831201188
37
550966952
3
48314678
38
289265295
36
118844831
63
23958937
80
698475305
76
880020211
10
96313556
34
192651626
43
755987629
85
688313461
32
13662644
33
340930070
76
792024915
27
963683950
61
331241348
68
575208087
25
883309344
61
363304031
14
734339473
12
247112451
11
725404162
48
464511071
27
269923134
99
786215627
34
718398365
96
698898040
90
916126586
77
909181978
86
318114623
80
531718133
21
571331457
87
229398375
8
80944220
96
681136221
96
166146281
76
12847831
84
635150968
60
138098017
80
287354178
66
166938405
78
147640019
26
578322976
34
554758026
62
943144650
66
489898266
43
247514845
13
978717437
41
239750382
87
766408030
69
778951225
2
737223973
76
651402762
21
859470314
37
479737659
26
148696733
56
268267945
41
473688857
48
4983709
79
723692855
52
858325352
94
14088342
76
728616645
94
162063591
1
772742157
79
268251560
26
966363299
24
852297758
42
872235239
10
891715545
99
419789455
92
208527731
0
219770787
24
636199825
49
597746007
52
898720034
44
877663400
40
343067123
7
730018971
59
744618842
22
364024589
70
817219583
62
984914652
28
845416174
62
464338208
18
417604834
22
38990199
63
172735935
18
207079712
58
349597827
63
901511313
51
809752938
64
201518072
63
416830978
81
39730633
97
856284435
30
442953391
48
868012375
19
187327860
52
344800938
48
970185872
79
721737157
46
593912840
61
944340402
5
969367050
62
427656258
67
538786195
26
551819797
9
244564817
4
150846120
67
903797070
18
979098426
78
873583080
2
80388211
96
247172016
31
977183569
68
476501240
84
549050302
6
720871715
60
156646816
30
524951455
66
564550760
15
538719292
30
188806301
23
773810202
22
511266507
37
100512239
71
412540334
74
925273440
4
774868468
69
861943458
2
608656816
17
493804166
38
120710544
42
258534519
36
674531479
20
970024952
22
36213117
61
692456567
30
895008235
62
382456086
42
160218532
98
96577114
48
953370227
69
952656239
39