701060892
23
23819559
95
199582122
79
949882741
91
971862547
84
850695551
51
636632658
3
831161786
64
975559346
90
620605271
71
613715759
32
296599849
62
404839872
4
359006734
53
902978009
86
185533190
6
284541820
70
987776927
66
777310042
75
149679943
10
382107815
84
665940761
10
955583633
73
12211959
68
402685397
13
214346452
53
451519002
81
791568872
80
866178432
29
653296770
23
780226663
5
699010357
66
218333506
87
228211707
61
543106401
37
516816591
17
21581415
20
714835798
70
167856748
53
753172055
52
315970598
82
546445105
56
419552697
25
652346438
64
600503299
52
339778130
86
137367241
81
29120454
43
81247492
78
818860203
45
363122884
1
150625108
93
430257568
15
386213724
34
782005442
19
440180502
63
582329189
73
742748038
84
255011251
8
91557489
39
973156497
22
465463757
15
741927071
86
959882894
47
390263262
44
624689698
29
703555317
89
151270179
64
363391552
72
217650706
7
285552314
25
451246370
11
817632622
46
669721660
88
837868803
24
921013479
65
399953388
90
311519536
45
125322399
99
184404083
96
184605243
48
686902881
80
385241939
94
131646087
85
48564438
24
996997610
38
301780558
97
938039118
7
996516120
44
402859963
4
750459774
91
388624001
7
880360143
19
887596445
3
877936193
72
474253174
26
844320394
3
701859795
7
519321859
97
355711119
89
838030753
7
1852436
50
735683972
84
548853931
29
898168076
71
721790587
75
90399268
48
529936004
16
938206664
76
158479522
34
693237048
67
134107026
51
406079807
67
36117335
85
955230145
19
662352038
22
230877853
73
667071255
3
63755241
82
206882577
75
486780286
33
768920821
30
279241782
86
610444592
17
580442550
85
305395538
38
807721859
50
105609156
13
411964509
62
912936208
94
92392380
43
240101065
29
723078618
25
531068391
53
161735342
71
104728974
82
755657194
91
258907688
0
792998737
60
949717615
35
781741429
45
737327174
60
511052254
85
837505152
72
706429571
4
222183541
61
181077793
11
137454245
98
893457304
82
819059814
96
78779651
20
873694630
21
648394297
66
259771945
72
912136153
64
516343741
72
332927714
69
856946275
21
875818929
56
654871904
8
713018126
97
62360974
69
692436540
91
814103546
35
667563414
17
138984570
35
295775058
33
445571169
48
743492166
83
790115988
57
970954651
82
665861743
51
874431223
49
529530394
20
360023442
94
61689499
56
680217396
1
188684595
10
730432358
68
239332353
99
281951828
12
856858010
91
677271865
23
989325873
41
706336962
17
303785435
51
770190972
78
901702794
84
826555123
80
289405093
30
593456809
94
921949261
1
685499546
10
913893667
8
640191289
4
696902183
57
326783723
61
749959255
76
21573453
13
530820053
74
648584510
48
97658189
53
866593521
6
159304392
82
756903706
33
122851363
64
545293873
28
661610591
64
65234151
45
654624047
33
405529457
2
767753682
46
659539519
90
429287037
86
841182416
75
772512662
44
657742441
15
499580753
13
958401501
88
417190513
74
517215862
51
85494920
81
489019084
63
166443043
87
50770504
52
610233861
87
488083610
22
511372794
92
117493436
64
592306683
83
326064540
20
848865771
60
862774281
47
987443678
70
521977406
96
217737476
24
86201703
13
979108551
31
425460555
23
682302201
17
857117487
99
430143681
60
912610079
18
783752925
52
110185194
39
553218023
10
699781215
27
96599179
16
299276325
91
305313575
4
139313
32
289856952
76
969617021
49
832793496
79
18925928
80
8191089
77
638939340
6
666632083
41
109945731
5
504892633
59
413973849
5
263888709
61
286127842
41
298053205
72
70578814
46
822062770
26
6300167
14
929538868
48
528045277
64
380566690
93
386281921
40
447543499
82
548868103
79
925777162
91
908046138
74
691757123
99
905064373
74
921224611
63
794332808
15
85548573
48
829617647
16
176510041
75
263796605
81
31738994
50
484119585
69
554985177
41
564809761
48
555244654
99
32675940
37
632252162
82
582948988
52
376451962
64
704981452
68
967272214
27
325304517
58
341413015
77
696392122
84
149093888
47
264084596
98
907948485
8
686422618
44
673616431
39
40431351
44
444246254
23
338751231
42
352545749
17
721405521
70
819661340
86
457059398
53
564835705
41
227092271
58
218438723
25
28622387
64
496073016
16
501245847
76
39665902
40
440522990
90
806045083
34
415238065
66
995554214
39
862064437
6
235053661
77
64837363
78
952004919
51
756770442
81
705823972
30
48242702
91
298511368
29
267081256
70
871803248
30
741586626
69
45360655
7
235837559
22
808792455
16
808621883
29
136299201
39
466717057
82
138799556
27
957476856
55
733312558
54
429756272
89
686636015
72
476591794
30
686811953
93
936868780
73
194515475
35
844268983
1
936924564
85
291755145
94
156223239
59
162875650
25
869743763
4
520560845
16
444742541
95
193526786
68
527636285
55
456481987
64
373817615
63
848344545
24
625069242
97
542019909
39
752336603
43
935450852
57
88378549
23
359077684
12
902878756
77
442352072
84
491087812
4
628952636
13
409106629
17
423044602
74
424733228
24
241028822
69
735734994
45
97127843
87
423076220
95
898066955
85
994128850
6
443451464
99
646616741
8
322905867
17
283645969
93
69616484
53
174193531
92
931994485
73
266243477
65
913450635
53
192948372
10
774850827
16
82234865
89
763414137
56
978170495
33
447967711
83
211234108
23
867634615
93
205733454
53
642195211
42
963153321
28
664468406
37
998640304
14
147192002
96
448642882
36
934794904
34
279014681
84
454327494
67
467388769
22
366427289
94
868490885
60
356212967
90
344413790
94
930515242
57
517289630
21
95991673
69
644893066
97
758198132
96
867610891
46
505057332
31
451263090
56
753544275
83
924750379
65
251184992
52
540636516
39
90782000
38
651738018
84
845007171
48
659268986
33
681810716
14
150052785
96
763062509
24
933344487
68
552355608
91
394327339
61
832209716
36
433142787
48
641619952
7
43320434
65
899391826
6
48058276
13
990648715
14
876995344
70
769481092
90
803604759
73
978913008
88
939892820
88
645567614
84
232785980
66
1336283
11
475799884
38
444289660
36
698626192
96
568277124
74
361338261
70
128383989
53
116689564
88
962169415
59
82320195
41
810651708
82
518569418
86
172696511
16
806711057
57
157441722
78
761154810
1
442219246
24
566197485
85
267270397
15
193042906
68
58905180
63
850796039
24
392097684
5
293773683
93
290211814
24
362532203
80
537330925
96
106058851
93
301442294
59
18627875
90
988449831
97
333282836
52
715116297
99
923534082
29
609661291
88
706962966
7
858829775
45
155548476
20
869498765
25
926338289
8
37067852
66
514515176
51
337664369
11
834470293
88
847050590
18
896370611
98
923343208
95
247332853
16
750062853
96
744290157
43
460016542
74
813157034
30
318452131
9
552381297
24
