68 97 99 4 72 74 75 14 17 36
^Malicious
32 64 67 36 37 19 9 42 11 12 14 81 50 35 85 22 55 88 91 60
64 33 68 70 71 31 28 74 11 44 78 48 49 18 84 58 59 92 93 81
64 97 99 69 38 7 40 41 42 43 78 50 83 84 53 22 9 24 61 63
65 2 35 70 73 10 75 13 46 15 17 50 83 20 85 54 24 90 95 51
32 1 50 36 37 73 77 78 79 81 18 83 85 23 24 68 31 92 93 95
97 2 67 68 7 70 71 44 43 12 34 45 51 84 87 56 25 90 23 65
0 65 99 5 70 72 12 42 44 80 49 67 53 76 89 25 26 58 94 95
64 43 4 86 6 71 8 12 10 75 44 78 48 82 51 20 21 54 26 95
66 67 68 69 38 73 74 43 29 34 47 92 49 53 54 23 6 91 28 93
32 97 35 68 6 1 96 7 45 46 79 16 50 82 48 22 41 88 60
0 97 2 99 37 1 73 11 77 96 45 48 52 30 22 87 24 57 60 7
0 66 67 68 5 70 73 42 43 98 77 92 19 85 88 89 90 47 60 4
1 34 35 4 70 71 8 60 44 47 49 82 51 87 56 68 90 92 93 63
65 66 91 68 5 38 72 42 34 93 59 18 52 82 22 27 60 61 37
97 3 17 38 70 7 31 43 45 61 81 18 22 23 89 27 28 29 55 95
64 32 2 67 62 72 10 75 77 13 11 52 85 86 20 24 25 47 29 30
0 1 2 68 70 40 73 55 12 45 15 49 51 41 23 89 91 92 94 4
96 1 66 75 4 6 70 33 11 44 45 78 81 19 53 22 24 27 28 95
64 96 35 4 37 38 7 73 13 77 80 17 82 51 52 25 89 90 47 63
32 98 6 72 9 74 11 34 93 16 82 51 89 18 25 91 60 42 63
32 1 98 99 5 73 55 12 45 46 16 17 50 19 86 87 2 25 63
32 96 98 36 33 39 73 42 43 44 78 47 17 51 22 23 91 28 94 95
91 38 47 72 9 79 75 76 78 15 40 50 21 86 41 23 88 27 93
33 67 36 16 48 8 11 45 77 80 17 51 20 53 55 88 57 91 93 95
32 97 3 36 81 73 42 43 12 77 46 76 11 19 53 86 87 55 59 29
3 97 66 67 36 65 28 10 7 60 77 79 19 21 54 71 92 90 62 95
16 2 99 22 70 95 11 13 14 48 81 83 85 86 88 6 38 28 93 35
0 65 34 43 36 69 40 9 11 13 46 18 99 22 90 91 58 30 63
96 33 2 68 5 40 73 43 18 14 24 50 19 82 23 56 26 95 53
2 4 5 7 72 60 11 45 40 50 83 62 86 23 24 39 58 28 94
32 97 66 59 68 65 33 15 71 12 98 78 47 83 53 87 57 27 0 31
65 34 3 98 39 73 74 13 14 15 16 51 20 85 54 89 88 25 58 59
64 4 55 7 41 42 43 77 78 19 84 28 86 73 23 89 31 60 30 36
0 35 68 70 39 40 28 74 11 50 48 81 82 67 22 87 88 59 92 61
65 66 67 69 38 17 41 87 14 15 80 49 18 56 21 9 24 57 79 53
32 19 5 71 92 74 78 17 51 20 30 86 69 24 57 60 29 88 63
1 2 69 70 71 9 10 75 63 16 51 20 53 55 56 89 33 59 85
65 66 43 36 5 39 40 28 42 11 44 13 14 50 23 88 89 91 60 29
32 98 43 68 37 7 74 11 44 46 47 10 93 22 55 24 26 59 92 61
64 32 35 36 70 41 10 43 13 14 48 83 22 73 88 55 26 27 61 94
0 3 99 86 38 73 74 87 44 12 79 49 18 35 54 9 24 90 92
96 80 2 99 4 37 44 12 66 77 16 81 18 84 82 24 5 13 62 53
1 66 67 4 6 70 39 11 45 48 17 3 21 43 25 59 60 93 94 53
0 27 68 71 31 55 13 14 15 80 18 51 25 89 88 57 26 59 61 95
68 33 66 36 98 39 8 95 12 34 77 49 18 22 89 54 5 29 30 31
98 36 37 7 41 75 66 46 47 16 81 50 19 85 54 56 57 58 28 30
64 33 34 3 93 41 10 76 14 47 99 81 29 83 84 59 24 27 61 94
0 97 3 37 65 73 74 43 44 77 46 29 11 50 18 57 33 28 61 31
96 97 59 69 0 71 40 75 47 80 49 26 83 23 88 39 33 79 58 95
66 68 70 38 72 47 95 76 34 93 77 8 18 20 53 86 22 79 90 69
66 67 4 70 7 74 44 59 81 29 83 20 85 54 24 88 58 91 61 62
64 80 66 11 17 72 43 44 98 79 16 81 20 21 8 57 25 58 39 85
19 48 3 4 37 70 7 18 78 80 49 50 51 20 85 25 58 28 62 36
33 98 5 7 74 11 77 14 16 18 19 52 94 86 23 25 59 28 62 31
32 6 7 40 41 74 75 76 80 49 30 39 53 86 55 56 62 61 94
0 48 66 3 5 6 8 74 2 15 80 99 82 67 87 57 60 93 69 63
97 2 68 37 38 71 60 42 86 45 46 80 51 53 54 55 6 59 28 31
97 34 35 37 39 72 9 42 12 2 10 79 82 19 85 98 91 60 29 53
65 98 3 36 37 70 39 7 76 45 46 15 80 81 14 86 23 57 85
32 96 34 36 6 39 72 0 76 77 79 16 49 52 85 25 89 91 92 81
67 4 38 7 8 41 74 76 91 61 18 29 57 86 73 89 90 79 93 94
32 33 70 72 96 10 44 45 77 17 50 83 84 21 8 23 31 53 62 51
68 33 2 35 36 70 7 40 9 98 46 81 50 67 66 89 57 26 29 63
0 33 98 99 68 5 51 10 11 18 78 47 50 19 21 89 57 27 61
96 97 98 3 68 37 70 65 41 2 59 85 86 25 89 22 54 93 69 31
1 68 37 38 71 72 41 42 7 77 78 45 48 8 50 23 88 87 15
32 1 67 69 72 41 74 11 12 45 96 49 82 42 52 9 84 61 31
0 70 3 4 5 38 92 74 43 13 61 18 52 85 23 25 60 29 69 63
64 38 6 73 74 77 15 48 82 20 21 54 89 58 63 60 26 62 52
64 33 36 49 16 7 60 65 80 81 82 84 1 54 89 57 95 68 94 31
0 1 67 4 6 38 41 74 76 45 47 16 49 29 85 22 58 91 13 95
96 97 67 37 38 39 64 44 10 76 45 78 17 84 53 49 63 90 85 5
98 35 68 70 6 73 42 11 60 48 17 82 67 20 22 89 88 57 28 95
64 97 98 43 6 33 41 74 11 76 13 77 81 20 23 7 90 95 93 63
32 35 93 70 71 72 9 42 43 77 14 15 59 18 19 84 56 57 47 10
96 1 98 4 37 70 33 40 66 13 82 19 94 58 47 92 61 30 51
96 51 3 4 69 19 40 31 77 45 50 67 84 22 89 59 28 61 30 68
68 70 6 73 80 49 37 83 84 21 54 87 56 57 58 63 60 61 85 36
32 33 34 99 68 54 38 7 37 81 82 35 84 1 86 55 89 91 61 3
19 65 35 68 69 38 71 7 46 80 82 51 85 22 55 88 36 58 92 63
96 34 99 6 39 72 10 77 78 8 50 57 22 55 24 89 26 91 61 30
34 3 36 7 40 92 83 44 45 14 13 18 19 84 89 25 79 60 20 52
64 4 6 71 40 28 55 12 13 48 17 50 51 20 86 23 89 87 91 92
0 51 67 99 33 71 10 75 46 15 48 3 20 55 7 89 25 58 62 31
32 67 36 6 38 39 8 9 13 78 79 80 63 55 57 27 60 29 4 69
33 67 4 5 6 9 75 76 12 29 16 49 50 19 21 55 88 26 27 90
33 98 71 40 44 74 75 12 77 16 8 50 42 84 23 18 89 90 93
32 0 2 68 37 48 42 14 79 16 81 83 52 22 23 28 61 62 31
0 33 99 37 38 32 74 43 44 45 15 19 84 53 87 55 79 94 62 5
0 97 33 72 96 42 7 45 49 82 51 21 40 56 58 27 92 29 31
1 98 3 38 70 10 74 12 78 15 29 99 85 86 57 24 89 27 61 63
64 66 3 4 70 40 42 2 12 45 47 80 49 51 87 36 26 27 92 61
32 65 66 91 68 5 71 40 29 10 39 12 47 18 52 87 36 27 42 63
32 97 34 99 33 65 7 59 79 16 11 18 43 55 88 89 71 91 26 69
64 98 67 37 6 72 12 74 76 45 78 48 40 50 52 46 55 24 88 42
0 42 34 27 36 69 38 91 74 44 2 45 18 19 86 79 92 13 94 5
97 3 4 40 41 43 77 46 15 48 49 50 51 57 55 24 88 79 30
2 3 40 39 72 9 42 71 76 66 14 45 8 52 57 87 56 25 20 31
0 97 66 35 32 6 1 8 74 71 78 59 18 51 21 87 57 27 92 42
64 34 59 68 6 49 8 73 42 48 81 90 23 24 58 27 92 93 31