2 99 75 14 49 55 57 60 93 94
^Malicious
19 33 2 67 49 1 72 73 71 44 66 46 15 17 82 51 21 86 9 56
64 32 34 67 41 42 45 78 93 48 99 18 51 24 23 56 89 26 27 61
0 48 3 4 5 71 73 18 79 16 92 82 51 84 32 22 23 57 28 94
0 98 99 68 5 11 78 48 17 82 67 14 54 85 24 26 27 28 69 53
96 65 66 3 69 70 1 72 41 10 43 76 14 16 11 19 86 90 93 62
98 35 36 70 39 73 13 46 93 80 27 84 41 4 91 28 29 94 63
96 98 4 69 70 71 77 78 80 49 83 21 54 87 56 57 90 28 30 81
64 1 98 5 49 31 41 14 81 82 51 52 53 86 25 58 27 28 69 63
65 98 68 69 38 48 28 75 45 79 80 53 54 23 6 63 86 90 94 37
48 98 35 71 91 55 12 13 46 79 16 17 18 67 84 22 23 57 59 61
75 68 6 70 71 8 91 11 44 77 14 15 50 56 36 26 79 92 29 31
65 3 6 17 41 61 46 79 81 99 84 78 89 26 27 28 58 94 35
96 1 68 37 6 10 75 61 14 15 80 82 52 24 4 90 95 42 30 36
99 54 7 73 39 45 46 77 11 26 19 53 86 9 24 57 90 95 29 85
96 97 99 4 38 71 64 9 74 78 47 17 83 54 23 72 89 3 93 35
1 35 4 69 6 39 40 75 76 47 43 50 83 20 21 54 55 88 24 53
65 34 33 7 37 44 23 12 98 93 47 60 53 86 87 90 59 92 61 5
0 1 70 33 8 63 10 75 76 47 16 83 84 21 22 89 26 91 93 19
1 3 37 51 75 77 78 79 16 11 67 84 94 87 24 25 26 91 92 23
1 67 36 37 12 30 75 44 13 28 50 82 52 21 22 26 59 92 94 63
0 32 98 99 69 7 96 74 60 34 78 47 19 25 90 59 28 61 63
65 3 5 71 60 42 43 44 45 78 47 49 84 59 87 20 91 28 61
64 65 11 36 38 41 75 12 82 78 15 48 81 18 52 53 47 29 94 95
0 1 35 5 65 28 74 75 76 13 78 15 85 55 62 91 92 61 30 31
65 67 68 69 39 41 42 76 63 84 54 55 56 4 58 27 60 26 62 52
96 99 68 5 71 8 39 76 45 46 49 18 35 52 87 84 95 29 62 69
0 97 2 3 4 33 6 71 41 42 11 12 13 22 18 54 90 86 93 31
16 34 3 97 49 70 81 74 75 61 47 80 17 52 21 43 23 90 29 65
0 32 19 67 6 70 65 41 10 44 86 15 99 35 22 55 90 92 30 3
64 65 35 5 32 9 44 77 47 18 19 84 54 55 24 58 63 60 30 95
66 67 4 69 73 98 63 15 80 27 82 52 53 25 58 91 60 93 5
79 97 34 75 68 38 39 72 10 43 98 14 15 48 35 46 86 91 29
64 19 66 99 5 72 67 77 46 45 34 49 3 20 21 54 25 15 29 31
96 65 99 68 69 71 72 9 77 17 82 51 84 57 41 4 90 59 30 52
66 4 5 6 41 43 12 13 78 16 49 50 51 85 86 56 36 63 94 31
34 68 5 38 39 8 73 77 78 13 92 72 19 46 87 88 26 60 94
32 5 70 49 73 43 45 78 81 18 53 54 57 25 6 27 29 30 37
34 7 73 71 76 66 78 48 81 51 52 85 57 88 89 58 60 61 62 63
1 98 5 71 40 10 11 44 77 93 79 29 19 74 15 92 61 94 95
2 68 5 40 73 42 66 46 72 18 20 85 87 24 25 59 21 29 94 63
19 34 67 6 72 73 44 77 46 45 18 35 20 22 57 56 25 47 60 31
96 97 99 68 5 33 12 44 79 76 27 85 55 88 25 59 92 29 30 63
34 68 5 38 72 28 74 75 56 83 86 55 24 36 58 59 92 90 62 31
97 66 3 88 81 40 9 14 8 18 83 52 85 86 57 56 25 29 30 95
32 65 98 35 39 41 10 43 12 13 47 77 88 75 83 18 45 79 93
33 2 3 48 71 80 73 42 43 76 66 78 47 34 50 19 57 15 62 63
33 34 37 81 71 39 77 14 61 16 17 84 54 88 58 59 28 90 94 69
96 32 98 99 36 65 33 41 46 88 3 52 78 86 55 24 26 59 30 19
0 61 3 68 69 39 41 11 45 79 49 37 52 54 57 22 5 26 62 63
32 97 36 6 7 72 87 12 46 47 82 84 86 55 56 57 90 31 65 63
96 19 3 42 40 41 74 11 45 46 75 51 84 21 87 57 59 29 62 52
96 65 2 75 5 32 41 43 44 66 46 16 19 52 85 86 23 24 91 28
1 2 31 69 33 40 12 43 44 98 46 79 8 53 39 27 92 13 94 63
33 34 67 70 6 97 75 13 61 80 81 82 52 22 87 89 49 27 92 90
0 2 39 41 42 11 45 47 24 82 51 20 85 22 57 7 25 26 29 62
58 34 99 36 37 6 71 73 13 14 47 80 50 82 51 85 54 98 90 53
96 11 4 38 72 75 44 45 46 80 24 82 52 85 88 58 27 60 26 53
96 67 37 40 73 10 11 46 60 17 82 84 53 87 72 89 91 92 62
32 64 34 67 5 33 10 75 12 13 16 43 35 85 54 56 59 60 53 63
0 33 2 36 54 7 72 41 10 76 45 80 81 19 21 22 87 57 58 69
32 64 66 99 5 70 40 12 52 78 35 84 53 57 89 27 92 29 30 31
0 19 98 67 5 71 10 93 80 82 99 52 22 24 89 90 27 92 26 95
32 98 59 37 40 73 10 77 13 16 49 8 87 89 90 27 92 29 94 63
66 38 17 40 11 13 78 48 81 83 20 85 22 57 56 25 91 60 7
51 98 67 36 69 72 74 29 45 15 81 19 89 55 25 90 92 61 94 63
97 34 68 69 71 28 77 14 93 16 50 52 82 87 88 89 98 36 29 85
2 67 4 5 38 7 9 74 75 12 77 78 48 86 24 25 59 28 61 69
32 97 98 70 6 71 9 55 96 16 81 50 20 85 54 23 24 58 93 62
32 33 66 43 70 73 95 75 60 51 15 80 17 19 11 90 91 28 58 0
33 43 65 75 44 47 80 11 82 35 52 21 86 23 88 57 87 92 20 31
96 1 34 68 37 65 40 41 42 76 98 31 44 84 30 55 27 5 94 95
98 99 37 8 9 74 11 78 59 81 19 20 14 86 25 27 92 61 69 53
4 37 71 42 39 12 13 14 77 18 19 20 82 86 23 7 57 62 78 30
33 71 40 41 42 75 76 46 92 16 49 85 22 9 24 23 87 63 28 53
96 66 70 7 40 73 10 62 13 28 49 18 19 53 25 90 27 92 94 21
1 99 4 69 38 97 39 77 24 51 84 86 87 56 52 25 54 60 29 20
32 0 34 3 98 65 8 41 75 44 45 93 15 48 84 86 22 90 62 95
96 0 67 4 49 32 42 75 43 15 11 81 48 22 87 24 25 59 89 95
2 36 37 6 8 41 55 12 34 45 81 20 54 9 61 89 98 47 13 95
96 33 2 4 69 0 7 72 73 10 11 83 21 9 23 55 71 27 74
33 2 5 65 7 28 42 11 44 15 81 29 51 53 54 24 49 27 92 61
96 98 4 38 7 28 74 23 60 48 10 83 22 87 56 57 26 92 90
64 65 2 69 1 8 73 11 13 17 18 20 21 22 23 24 28 61 94 63
2 35 36 86 70 8 41 16 17 82 52 94 22 23 88 68 63 28 4 95
97 66 3 68 7 40 73 74 75 76 14 47 16 18 46 87 4 91 62 85
96 64 36 86 19 9 74 14 16 18 83 21 54 73 88 58 95 60 90 51
96 36 6 72 42 76 45 46 77 80 17 10 52 14 8 90 27 78 94 95
0 66 99 36 38 6 39 76 50 20 53 86 56 52 26 27 60 58 30 95
0 97 3 5 19 7 40 50 14 48 72 18 83 52 54 55 58 31 62 51
96 1 18 36 5 7 64 76 12 45 14 79 80 50 20 53 88 25 26 93
19 67 68 5 38 39 9 43 78 47 49 50 83 84 22 24 57 26 79 95
64 32 2 4 69 70 71 98 13 49 18 85 22 24 6 31 86 26 30 5
32 65 98 68 5 70 9 10 43 77 16 84 86 87 55 58 59 60 30 95
0 95 67 7 72 63 42 87 12 14 79 19 54 23 24 57 91 29 39 31
3 32 66 67 37 49 96 10 75 46 79 27 81 51 78 86 83 90 91 62
30 33 34 68 69 71 8 14 7 44 46 79 81 83 84 1 63 60 62 85
66 3 54 38 39 8 42 77 14 15 27 19 52 78 86 24 47 61 94 31
96 65 35 32 37 71 74 94 16 24 82 99 53 54 23 56 33 27 62 63
96 0 35 69 39 8 41 74 75 15 17 50 30 54 9 24 55 90 23 63
0 80 34 35 69 6 40 73 75 93 47 16 18 58 21 22 56 26 59 61