1 61 99 97 44 74 76 45 77 81 82 19 53 86 55 90 27 26 62 95
^Malicious
19 67 70 38 39 8 60 95 13 47 82 35 52 85 57 27 92 94 31
96 33 98 36 37 70 7 44 43 12 81 83 52 53 89 23 25 28 62 63
68 70 71 8 73 10 76 45 12 13 16 17 18 57 89 25 26 92 90 63
65 18 4 33 71 40 42 44 45 13 16 17 82 51 84 54 87 24 26 60
96 1 35 37 6 8 42 44 77 49 19 52 85 56 24 25 58 31 63
96 65 3 33 6 71 41 76 77 46 80 20 53 54 25 24 57 60 93 95
97 98 22 48 40 9 43 44 66 14 77 16 49 18 53 54 58 59 78
64 66 3 37 10 75 45 78 11 56 35 84 23 24 2 90 59 29 62 95
65 36 5 71 40 73 42 11 53 24 18 21 86 55 7 57 90 59 29 31
64 1 67 37 39 40 45 78 13 49 18 52 85 86 57 88 20 58 91 62
64 4 38 6 74 75 76 80 81 18 51 84 21 87 89 90 59 28 20 85
32 33 35 4 37 70 7 40 9 75 61 78 79 80 82 85 86 6 26 29
32 64 18 99 6 7 96 95 43 13 45 16 17 82 51 21 24 57 91 85
1 66 11 4 70 7 39 76 18 78 27 49 50 84 43 87 56 89 26 59
64 96 66 27 38 70 40 42 76 13 77 16 17 51 21 24 15 74 85 37
99 69 70 81 92 42 44 60 48 17 18 3 86 89 24 25 91 28 10 63
0 97 98 67 4 7 10 71 34 77 80 49 18 83 66 24 2 27 60 62
0 64 34 43 36 5 33 72 7 12 13 50 83 82 55 88 25 90 61 30
96 34 5 38 8 74 11 44 77 79 16 17 42 58 27 70 29 69 31
1 34 36 5 70 65 80 28 71 76 47 16 50 53 87 95 60 93 94 21
64 80 2 3 54 6 95 11 12 82 27 48 49 50 19 22 89 59 43 16
33 59 68 81 72 76 74 12 14 15 17 20 55 24 88 47 28 93 30
97 34 3 68 5 7 40 44 98 46 49 67 52 21 54 25 59 92 61 62
66 36 5 6 39 74 71 34 14 79 81 95 57 24 68 98 27 58 94 69
34 35 36 70 38 40 44 43 12 46 15 80 83 20 94 55 68 90 62 63
96 1 34 27 68 7 73 14 39 12 45 46 76 50 84 48 24 91 29 63
96 1 67 32 16 39 73 95 18 24 48 81 50 83 59 56 91 28 31
2 99 5 38 71 8 41 11 66 78 18 46 57 24 25 90 59 26 62 63
19 79 3 68 86 38 40 41 74 47 80 17 50 67 54 55 56 88 15 60
96 33 2 3 68 40 9 74 55 61 60 16 17 52 23 24 26 91 92 93
64 0 68 69 70 65 72 41 74 43 45 93 13 17 20 25 90 28 10 81
32 1 99 4 38 70 65 72 73 43 76 88 85 86 9 23 57 59 28 37
33 4 70 40 9 95 77 78 60 92 18 51 21 55 90 31 28 29 85
65 91 6 7 8 75 44 78 16 19 20 53 54 23 25 26 59 94 21
2 3 36 6 7 41 71 66 14 11 43 67 53 86 57 90 27 58 30 85
96 34 68 81 71 72 92 74 46 44 14 79 17 50 83 78 55 15 60 31
33 34 35 69 8 43 77 80 81 83 56 53 11 87 67 62 58 91 30 63
19 95 35 36 69 40 91 74 75 14 15 82 51 78 54 22 79 58 30 31
32 97 98 35 70 8 9 23 44 47 80 18 83 20 22 55 87 95 63
32 97 19 6 70 33 28 42 95 0 78 16 83 52 22 26 63 92 94 65
64 68 69 41 30 76 77 14 13 48 82 20 46 54 4 31 36 37 94 53
32 1 68 69 70 40 9 11 93 61 48 18 52 53 86 23 63 29 30 16
32 97 36 69 65 1 9 10 11 48 49 83 53 22 62 57 91 0 94 37
64 1 83 67 33 39 73 10 11 78 79 48 35 84 88 90 60 93 62 95
97 67 4 7 72 11 12 50 47 81 18 20 85 55 88 84 71 95 29 63
32 98 68 5 81 39 73 42 76 61 47 16 17 60 51 22 23 88 92 74
66 67 36 5 71 41 74 29 81 18 95 20 22 4 56 25 27 10 69 63
51 99 6 71 12 10 11 44 61 14 27 80 49 35 52 22 91 28 93
32 97 66 68 16 71 40 73 74 43 98 79 80 81 21 23 88 57 58 61
97 34 69 70 39 31 73 11 13 78 79 19 20 22 55 90 59 65 30 63
96 35 6 39 8 15 55 13 46 77 80 25 86 87 23 57 79 28 29 95
96 97 66 99 68 69 33 30 43 77 45 16 18 83 52 48 56 57 94 85
96 2 3 69 39 11 76 78 56 81 20 21 62 57 24 84 88 61 94
66 3 38 39 40 9 95 76 2 91 47 18 51 20 86 58 15 92 63
96 65 66 99 38 70 17 41 45 79 16 49 82 19 52 85 24 20 92 5
1 66 37 7 72 73 74 71 2 14 93 17 50 78 22 87 49 59 86 90
0 96 2 4 39 40 64 42 98 16 52 86 23 88 57 26 95 92 61 63
0 75 36 37 71 11 76 45 46 13 49 50 19 85 56 47 93 62 21
64 95 67 3 38 8 10 75 77 78 13 80 83 52 53 56 26 15 94 21
0 1 3 68 63 42 14 47 16 81 20 21 24 55 56 89 27 28 29 85
32 96 27 4 69 6 39 64 9 10 23 76 45 84 89 88 25 26 91 20
64 67 99 70 81 72 9 76 13 93 16 17 83 52 41 88 25 95 29 63
64 2 67 5 70 73 75 44 77 79 34 49 91 90 21 22 25 6 54 26
33 67 68 70 39 40 73 42 43 77 61 8 90 53 54 88 58 10 94
97 2 4 71 8 9 10 75 82 49 50 51 53 57 83 39 90 60 93 88
98 75 68 69 72 11 50 46 47 16 18 83 84 62 55 88 27 92 61 94
98 36 5 44 10 76 13 12 47 16 81 18 52 14 9 24 68 59 61 85
1 91 4 69 51 33 15 41 43 12 45 47 48 83 84 86 57 89 79 62
0 33 67 82 76 10 43 44 50 46 79 11 18 35 20 53 54 52 91 29
65 98 99 36 5 38 7 9 75 45 14 18 52 78 86 55 2 89 46 4
51 34 67 37 7 44 10 71 76 45 14 47 80 17 83 84 73 92 93 95
32 1 34 36 37 8 73 74 75 2 79 81 18 52 86 88 68 28 10 4
57 33 98 35 70 8 10 11 12 45 13 19 20 21 87 56 25 91 53 95
96 1 66 35 49 70 32 72 9 77 46 13 48 17 78 88 89 93 62 95
2 27 36 38 41 10 11 46 79 80 14 22 23 62 55 58 59 30 63
0 97 66 3 70 9 74 55 45 79 16 18 21 73 24 91 60 42 94
96 97 67 36 38 39 8 9 10 75 44 48 3 21 23 7 55 63 94 19
19 97 2 59 39 40 15 71 89 98 47 17 51 52 86 23 57 79 62 63
0 97 2 70 8 41 12 61 79 80 82 84 53 54 89 16 29 30 52
0 65 66 35 68 38 7 9 43 45 46 77 80 81 52 54 91 61 30
64 96 2 69 70 47 38 41 57 44 45 46 77 20 53 23 89 59 13 85
96 97 35 36 6 38 41 42 76 13 47 51 53 54 24 25 59 29 94
65 66 81 8 15 74 43 12 50 79 49 18 95 53 56 58 91 92 94 21
32 16 2 27 36 5 39 40 10 11 80 19 84 48 86 88 89 58 59 61
97 2 35 4 69 7 31 74 39 77 16 49 18 51 86 87 83 54 28 63
64 80 2 99 37 70 7 31 60 10 13 45 16 21 54 23 90 47 28 95
32 97 98 4 6 64 73 61 12 2 46 77 72 13 62 22 60 92 93 30
96 98 11 4 70 6 40 43 12 77 13 80 83 20 23 56 84 90 27 62
64 19 99 70 38 40 42 44 50 14 61 18 3 22 87 25 59 10 30 31
97 2 67 37 81 65 72 10 43 76 48 17 50 51 52 21 88 29 62 31
64 33 98 99 4 35 39 40 9 82 67 25 86 41 57 26 59 60 58 31
45 99 36 69 7 73 39 12 13 47 88 18 19 25 85 55 56 89 79 29
64 97 34 35 48 6 7 73 75 44 45 96 79 80 81 51 54 88 59 24
0 1 3 68 39 40 43 12 79 71 49 19 52 22 56 58 27 60 61
96 3 4 5 38 8 73 95 55 13 79 92 51 85 22 87 90 91 86 31
35 22 40 9 62 24 45 47 81 82 51 20 21 54 56 57 91 29 72 31
65 66 35 16 33 40 74 12 77 45 48 84 89 24 20 59 28 29 62
96 1 83 81 65 72 9 79 11 45 47 17 51 21 85 57 15 28 30 53
65 34 35 4 5 51 72 74 13 66 77 80 81 83 23 24 58 27 94 63
97 67 68 22 70 40 44 77 14 80 49 3 25 21 54 23 89 91 78 53