68 80 33 1 5 38 71 76 45 48 17 18 32 24 36 58 27 28 61 95
^Malicious
33 4 70 7 40 9 44 77 14 13 81 18 20 46 24 56 60 61 94 63
0 33 35 36 38 7 8 41 75 91 15 50 67 85 54 89 47 29 94 95
64 33 36 69 6 71 76 47 19 20 21 86 55 56 57 85 29 4 65
98 68 69 71 8 41 74 11 44 13 46 48 88 23 56 59 28 93 62 37
65 98 35 69 97 41 74 43 76 77 79 11 17 18 20 22 52 95 44 31
1 90 69 97 92 45 46 61 16 81 51 20 21 86 23 25 26 54 28 93
0 99 70 71 40 9 74 78 15 16 92 18 67 84 52 90 79 28 61
35 36 54 40 11 77 93 24 48 72 51 22 55 56 57 58 31 60 29 69
32 1 61 69 39 41 42 43 13 45 77 16 83 85 7 25 79 29 37
1 2 35 33 40 44 42 75 12 13 77 80 8 18 83 52 21 11 87 57
32 97 2 99 77 6 71 72 96 91 44 13 46 45 48 82 84 85 47 31
32 66 4 86 71 10 43 44 93 16 81 19 53 22 57 24 25 29 95
3 1 34 99 36 65 39 9 74 47 81 35 20 54 88 4 59 28 95
51 36 71 8 76 10 7 44 29 80 50 83 20 87 4 90 26 30 52
97 99 71 72 9 43 76 15 81 82 35 25 57 23 24 39 91 92 61 30
32 97 2 35 4 70 7 8 11 44 79 17 51 84 54 87 52 58 60 95
32 1 2 3 5 97 74 11 44 45 78 79 19 52 46 56 60 30 85
32 33 2 68 30 65 8 73 74 46 16 81 82 19 21 87 88 29 94
34 3 37 6 72 76 10 67 44 78 93 48 99 51 53 88 95 28 29 69
97 34 50 4 5 71 40 41 57 11 66 16 82 21 87 56 55 58 60 95
65 54 39 73 95 71 94 15 17 18 84 53 22 41 79 92 93 85 63
1 66 99 69 38 39 73 74 11 44 98 14 43 85 24 25 91 28 93 30
32 98 36 71 8 95 43 29 77 78 15 19 20 66 7 90 59 93 85
95 34 68 5 42 75 12 13 79 48 51 84 25 56 57 59 29 69 63
80 66 5 7 9 42 12 13 14 16 18 19 78 41 57 90 91 29 94
65 3 36 22 70 48 72 76 74 75 12 78 79 16 51 52 21 54 27 92
96 33 2 3 69 38 1 64 73 10 39 78 15 53 86 57 22 27 0 63
33 35 38 97 40 73 39 61 83 84 94 41 23 89 26 31 28 93 20 65
33 99 5 38 7 44 14 47 16 49 94 54 57 56 89 22 79 62 81
65 18 67 68 70 73 10 75 44 13 81 50 83 52 21 86 56 28 61 53
0 1 34 67 69 51 97 40 28 11 76 61 19 84 22 25 20 59 60 29
64 1 34 35 38 7 91 39 12 66 47 80 82 54 55 24 25 59 60 62
3 33 34 35 68 71 91 73 74 11 12 77 79 43 82 51 53 55 47 61
34 93 39 9 79 12 82 28 15 48 50 19 52 22 87 58 59 60 29
2 27 68 72 9 75 18 15 79 16 49 82 85 54 73 88 55 91 61 94
0 1 34 4 54 9 74 61 2 15 50 84 86 89 20 25 59 28 58 31
64 65 59 68 69 40 73 74 45 78 8 18 20 85 25 57 91 28 29 4
1 6 38 48 40 9 42 75 77 15 80 81 83 85 73 89 26 59 60 69
64 33 66 69 6 7 96 98 79 18 84 30 22 56 89 58 70 90 94 95
16 2 35 36 70 17 8 80 42 11 98 14 48 49 52 94 86 4 91 62
32 96 66 35 36 69 6 48 72 43 2 11 34 54 87 49 59 70 58 62
96 65 2 3 68 8 73 43 44 45 80 17 50 19 52 86 88 25 75 63
2 4 5 6 71 40 41 95 39 77 14 15 16 69 55 79 28 29 30 63
0 33 34 67 4 25 38 10 11 66 45 16 20 57 52 58 26 94 69
1 18 27 4 70 65 40 74 12 77 46 15 8 50 19 20 56 91 94 95
64 65 18 36 6 38 17 9 43 12 13 81 82 83 52 97 56 25 49 59
32 66 67 69 6 71 92 75 29 15 49 54 57 7 89 58 27 60 93 94
64 66 3 68 5 71 8 10 39 50 78 40 82 35 84 86 67 25 31 95
0 97 4 5 70 7 40 92 76 18 78 50 83 84 87 52 91 60 62 95
58 27 4 90 60 42 11 15 48 19 20 85 23 56 57 26 59 92 61 63
96 97 35 36 37 38 72 73 12 78 47 27 94 46 90 79 0 61 30 31
32 1 34 81 65 73 10 45 77 48 49 20 41 55 88 57 26 59 30
64 34 99 5 70 39 9 11 98 14 15 48 81 41 23 89 95 60 61 37
64 34 6 41 74 55 76 13 78 48 50 20 21 86 73 89 58 27 42 31
19 65 34 36 37 18 77 49 82 83 20 66 24 23 56 58 63 93 30 53
66 4 37 6 8 73 42 11 76 79 80 82 51 53 57 24 89 58 90 63
96 64 66 40 41 42 18 76 50 78 13 80 81 82 53 54 95 94 31
65 2 91 97 37 71 73 42 12 77 80 49 82 17 86 87 89 59 60 61
32 0 5 6 97 96 10 75 44 86 80 56 20 22 7 57 71 54 60 93
32 64 2 35 69 6 8 73 42 75 13 78 51 52 55 90 27 61 94 95
19 33 67 37 6 43 21 14 47 24 50 51 20 85 56 89 27 92 61 31
32 64 27 4 69 7 80 47 42 43 44 77 79 16 83 86 87 91 28 37
1 67 4 6 48 8 43 47 80 49 51 52 86 89 56 57 95 92 29 16
0 98 68 37 7 9 74 11 76 66 61 81 19 20 41 25 49 28 90 31
32 96 34 75 49 72 10 11 13 48 8 53 54 24 89 26 31 93 94 95
96 97 66 3 4 6 71 72 41 10 43 76 28 59 81 86 58 91 60 63
0 32 36 6 70 39 73 42 7 12 13 28 80 50 51 85 25 57 92 62
0 1 51 7 40 26 10 46 47 48 17 82 83 20 85 90 91 42 95
65 67 35 17 40 73 10 43 78 48 81 82 99 11 56 91 28 30 31
1 66 59 36 37 6 71 54 13 14 15 49 52 86 87 4 91 28 93 62
96 98 99 37 38 17 72 73 42 11 76 34 79 48 81 53 22 55 23 6
0 65 91 68 5 72 41 75 80 90 83 52 21 86 23 25 26 59 58 53
35 36 49 7 26 14 61 81 82 53 86 87 24 58 15 60 29 94 63
64 97 2 67 68 6 74 11 46 24 75 35 52 85 23 88 89 31 28 36
3 35 67 36 69 19 65 76 39 44 77 47 16 37 51 90 27 60 29 58
64 1 98 68 5 72 43 14 16 17 51 4 78 25 46 62 69 29 30 31
0 64 61 99 36 5 41 10 13 77 18 83 30 88 89 90 37 93 94 69
0 19 75 36 37 6 71 40 41 11 78 24 83 52 53 7 25 28 29 85
64 33 83 36 6 70 43 14 16 18 19 52 21 89 23 25 27 60 94 37
0 2 6 38 28 72 41 74 12 45 14 16 82 51 84 25 91 92 61
32 96 2 35 68 38 79 75 45 93 47 51 55 56 25 87 91 60 90 63
33 45 27 7 8 15 95 89 13 79 16 49 84 54 40 20 91 92 62 63
32 65 67 99 68 69 64 10 44 78 81 19 20 85 24 56 89 28 62 53
32 96 2 43 38 81 9 10 75 76 66 93 45 49 3 21 73 55 91 13
96 33 83 67 4 6 97 41 43 44 45 77 11 17 19 20 53 59 30 95
33 67 22 6 40 31 74 43 61 14 79 80 19 84 46 54 57 27 42 35
97 66 3 70 6 65 72 13 15 80 18 19 84 55 24 25 58 91 62
96 97 2 99 38 70 76 43 44 13 17 19 84 21 25 89 58 60 26 63
96 1 98 4 5 64 9 74 44 46 79 81 18 52 21 22 56 59 28 30
96 33 14 35 36 0 97 74 77 78 17 50 99 85 86 55 58 60 93 19
0 1 34 65 71 96 11 76 78 79 16 52 22 25 88 57 58 92 62 63
32 35 67 68 69 38 72 76 42 43 44 77 14 83 52 53 9 84 37 51
66 99 68 69 73 10 67 76 13 24 18 3 53 89 41 56 83 90 31 85
27 68 69 39 73 74 71 13 14 45 49 50 53 86 55 4 79 92 62 31
32 96 2 59 70 39 74 12 46 15 80 14 86 56 89 58 79 61 31
33 36 65 97 72 43 76 77 78 19 52 53 57 24 25 87 59 26 23 85
0 33 2 91 3 28 61 46 15 27 49 50 99 53 55 59 60 29 62 63
0 33 99 68 37 39 64 7 76 47 17 51 84 8 56 20 22 59 29 30
0 97 35 48 5 71 40 64 43 78 80 81 83 7 89 26 91 88 37
48 66 6 8 63 75 12 45 77 80 49 84 21 25 58 59 92 30 16