0 4 7 10 15 16 18 19 21 23 26 32 43 46 49 50 52 53 55 65 66 70 72 75 79 81 90 92 95 97
^Malicious
64 97 66 67 86 6 1 78 79 49 19 25 85 54 55 89 27 51 29 31
96 66 67 86 70 81 73 43 92 17 52 30 54 87 25 22 38 28 94 69
32 0 99 69 33 8 9 43 77 47 59 50 83 84 21 54 23 25 91 63
95 2 67 68 70 10 43 12 24 11 17 19 54 88 89 59 92 93 94 63
19 97 99 1 51 7 80 73 10 12 13 76 49 83 54 9 88 36 91 95
65 67 70 33 72 29 10 76 50 47 48 82 21 54 25 58 59 60 42 85
1 2 3 72 9 42 12 77 79 81 50 85 40 24 57 26 91 90 30 63
0 97 2 68 25 32 73 42 12 14 15 81 84 47 87 52 27 28 61 63
64 97 34 6 93 10 11 46 15 80 49 51 25 54 87 89 47 42 55 63
0 66 6 70 49 42 76 2 61 80 17 37 52 86 25 98 91 90 62 69
66 35 37 38 7 40 95 2 14 79 16 82 20 21 87 25 91 93 30 31
0 96 34 3 4 70 8 9 10 55 77 78 15 80 82 51 85 41 62
32 2 43 68 69 39 9 75 98 14 47 99 84 46 56 36 26 63 28 21
64 75 5 49 8 73 10 11 76 79 17 29 99 9 23 24 91 92 74 62
19 34 4 69 7 40 63 44 46 79 49 83 84 17 89 68 91 29 94 31
32 48 66 5 6 8 9 42 13 46 79 80 81 82 83 85 87 56 93 16
68 38 70 7 8 12 10 76 45 14 40 82 19 31 23 58 91 29 63
0 64 66 99 37 7 72 44 39 76 82 20 21 9 23 58 91 29 94 31
51 98 67 4 5 15 23 13 46 77 91 99 22 87 88 36 26 79 94 31
65 67 36 5 70 97 72 39 78 79 80 51 85 86 87 25 22 92 94 35
58 97 2 5 38 42 18 44 34 14 82 83 52 21 87 55 25 26 74 85
96 65 7 72 11 76 14 15 16 17 83 85 40 24 25 71 92 61 30 31
80 59 68 37 7 41 74 75 76 45 46 48 20 85 73 55 26 27 92
0 96 34 99 69 70 11 18 24 80 81 82 35 20 50 87 56 57 26 91
0 64 68 38 41 43 44 46 61 80 49 29 58 52 85 86 56 90 91 93
0 97 2 99 38 65 42 75 16 91 51 52 22 87 57 71 59 61 62 63
34 3 68 37 6 10 75 29 2 79 58 52 21 54 61 57 98 15 93 62
0 97 66 67 1 49 6 32 64 10 12 77 47 48 17 20 85 40 84 62
32 2 75 68 49 42 43 12 46 17 19 74 14 54 88 25 71 27 29 39
32 1 3 68 69 39 73 12 13 78 15 80 50 18 67 55 58 59 62 95
32 97 99 4 38 1 40 9 42 47 20 21 54 55 57 26 27 28 94 31
96 2 93 60 14 47 48 49 18 51 52 85 92 20 26 15 28 29 94 63
64 74 40 9 10 45 93 77 81 18 51 84 21 23 25 26 59 60 61 62
0 3 68 37 70 7 8 10 39 14 29 49 67 86 55 24 57 71 93 30
32 97 37 0 39 64 10 71 44 78 47 80 49 29 83 84 55 20 28 61
0 34 99 69 6 72 10 11 12 45 47 16 49 82 3 50 58 54 86 42
97 3 4 33 74 55 94 45 46 47 48 17 18 52 14 87 25 71 29 20
0 97 3 36 5 38 64 73 10 13 78 92 50 52 54 24 6 59 28 30
32 64 66 99 4 69 7 41 79 11 29 45 15 3 24 57 27 28 93 31
65 66 4 37 81 8 9 42 62 13 17 18 25 85 87 56 89 26 27 30
32 97 67 54 6 1 64 12 23 44 18 83 52 21 22 73 58 27 61 62
32 33 66 67 68 40 64 75 78 47 19 52 94 86 23 83 25 59 93 30
80 98 3 36 54 70 7 9 71 63 48 17 19 84 21 22 52 31 39 16
66 4 69 38 71 92 55 12 34 61 49 53 87 89 58 63 28 93 85 37
96 64 2 5 95 7 72 42 75 13 78 49 83 46 40 57 33 59 60 85
64 2 68 38 72 10 55 77 14 47 81 83 46 8 87 24 88 31 74 21
64 75 68 9 10 11 44 13 79 16 17 82 42 86 23 57 58 29 93 55
34 67 4 6 81 9 42 12 46 16 17 18 62 55 68 27 60 61 30
96 34 35 4 7 11 12 13 78 79 88 84 21 54 56 36 26 59 28 53
16 59 69 70 15 79 75 12 45 93 77 48 51 20 25 88 57 91 13 95
42 36 69 38 8 73 10 77 80 19 53 55 24 25 58 63 90 62 31
66 6 7 40 9 42 75 76 2 12 45 24 22 55 56 25 90 92 29 31
1 34 99 6 70 7 73 75 77 45 16 81 84 87 2 39 26 38 28 31
32 30 5 40 41 74 43 44 48 17 18 19 20 85 73 25 90 92 61 62
64 66 35 37 72 9 10 11 12 2 15 47 17 25 73 40 45 57 79 55
33 98 36 38 70 7 41 12 34 14 16 81 82 19 20 86 87 26 94 69
98 35 69 41 10 75 13 47 16 17 50 51 21 87 62 59 92 42 94
1 98 4 86 71 72 10 11 12 45 16 17 82 83 85 22 26 95 69 63
32 65 69 7 8 43 12 61 29 40 52 21 86 87 84 33 59 28 93
0 96 66 99 6 40 9 42 44 2 78 16 92 19 20 54 23 91 60 29
0 2 35 37 81 49 73 43 76 17 82 51 86 9 24 57 90 91 92 67
96 3 36 49 40 63 13 15 50 81 82 51 84 85 86 23 24 47 94 21
0 64 98 3 69 41 95 23 34 77 16 84 53 89 73 52 25 59 29 5
64 1 3 22 6 7 43 45 14 49 82 35 84 86 87 23 26 59 92 5
19 33 66 3 68 37 9 11 2 78 34 49 67 21 88 26 63 90 85
96 35 69 6 8 74 55 14 61 49 84 85 23 25 91 21 53 94 31
0 32 4 71 72 96 11 13 88 52 30 87 24 68 91 28 93 62 63
0 66 91 36 93 72 74 76 2 14 79 49 50 83 88 89 58 59 60 61
64 48 66 69 38 41 42 23 34 79 80 81 20 22 55 57 25 28 94 16
33 3 38 70 39 41 74 43 76 15 59 52 54 88 89 26 27 61 94 95
33 66 99 36 37 41 42 55 79 50 19 85 73 9 56 25 58 47 5
0 64 67 4 70 8 76 74 44 80 81 82 51 23 24 36 95 61 94 63
0 96 98 67 69 38 64 74 86 45 81 50 99 54 24 26 95 19 62 35
96 65 2 75 37 19 10 11 13 45 16 99 18 51 84 87 56 58 91 31
1 34 70 71 18 94 13 89 49 82 84 53 24 55 88 23 31 93 2 63
32 33 68 5 72 9 23 77 80 17 85 41 22 40 88 90 26 30 37
64 48 66 70 71 8 41 44 15 80 17 19 52 85 22 23 84 91 62 63
0 66 35 38 7 73 10 71 12 45 29 16 82 51 55 89 59 42 39 63
32 33 34 35 4 37 6 96 61 76 45 14 15 19 84 53 23 20 58 29
32 51 67 69 38 73 75 44 77 48 11 50 99 53 87 57 26 92 58 62
1 34 90 4 5 6 33 8 26 71 12 15 18 52 22 87 58 27 28 93
66 11 4 9 75 45 78 15 82 51 52 30 86 56 89 63 29 94 31
0 98 67 5 7 31 47 42 83 77 61 50 79 52 23 74 27 60 93 63
64 65 3 68 6 9 42 43 13 92 80 81 50 85 22 57 90 60 62 63
0 34 3 37 72 76 75 44 45 11 88 99 21 22 24 95 92 93 94 85
65 35 38 70 49 72 9 74 76 61 15 17 20 94 59 89 27 42 30 95
42 65 66 68 37 70 39 10 43 44 78 48 17 19 54 83 36 71 27 93
3 83 99 36 5 7 72 75 13 93 11 50 51 84 53 56 25 61 62 21
32 96 58 75 68 6 8 42 43 35 78 82 19 85 24 90 95 60 74 63
98 67 68 38 72 73 10 23 44 27 88 18 19 52 87 24 84 91 93 20
64 65 99 69 93 8 73 42 44 96 79 16 17 19 87 15 28 74 31
97 66 35 38 72 42 43 14 17 99 40 46 24 87 56 90 58 94 85
0 96 98 4 37 6 71 41 10 11 61 78 79 51 85 86 23 24 29
64 68 66 4 37 8 92 14 49 69 53 87 56 89 90 60 61 94 85
2 43 5 71 40 12 10 11 44 50 79 49 82 19 85 24 89 93 30 31
64 19 35 5 6 7 73 39 94 46 93 18 67 53 85 26 59 29 62 37
66 59 39 8 11 98 46 34 24 18 35 53 22 87 2 91 21 93 30 95
66 35 4 5 9 10 29 13 47 48 92 52 21 86 56 74 27 60 93 94
0 35 66 67 6 33 10 12 45 29 99 81 82 51 74 86 31 19 61 16
65 34 35 4 7 72 9 11 77 14 8 52 21 54 57 89 71 58 85 63