2 4 17 19 21 35 38 42 43 49 50 51 53 54 57 62 64 65 66 69 73 75 78 79 81 84 86 87 92 96
^Malicious
65 98 99 38 33 40 43 76 13 79 80 8 82 85 22 87 23 62 91 30
64 96 99 48 6 97 8 92 80 17 51 84 22 72 20 90 59 60 61 30
0 66 69 70 31 9 95 62 12 45 78 16 83 84 94 20 27 74 30 53
0 33 98 75 86 6 1 73 10 11 76 77 14 49 46 54 24 7 71 62
19 1 66 3 70 33 8 73 74 43 13 47 80 17 10 51 30 24 93 94
34 35 69 6 39 72 73 42 11 44 15 17 83 86 41 23 89 58 26 30
1 35 17 8 92 46 61 48 81 50 3 21 55 89 90 91 28 93 85 95
64 65 2 0 10 41 42 11 44 98 12 45 49 82 21 23 88 59 13 30
96 99 70 71 72 42 7 76 14 79 84 21 24 89 90 47 92 58 46 63
34 3 4 5 39 91 41 10 44 14 15 27 81 50 19 17 56 90 79 61
65 35 70 6 39 72 41 76 12 44 48 81 14 92 87 49 91 60 93 85
64 33 2 67 68 38 71 72 39 14 17 83 21 22 25 95 60 93 30 51
51 2 35 49 39 40 74 87 34 48 8 99 22 23 25 58 54 28 90 30
32 1 98 3 36 5 17 40 75 76 79 43 35 87 88 55 26 90 94 63
1 2 3 70 7 40 42 43 76 15 11 8 99 52 53 86 67 20 26 62
33 98 35 71 41 87 94 80 49 3 20 21 55 52 59 92 29 39 53
96 33 36 86 38 1 41 74 75 12 77 14 17 82 84 22 25 90 93 94
96 33 34 35 37 0 97 74 39 44 13 78 15 81 18 20 53 62 94 63
64 65 35 33 40 73 74 44 77 47 27 81 52 59 24 88 26 79 60 72
75 36 69 7 71 12 13 78 45 49 58 90 59 87 88 89 26 79 29 63
65 34 5 6 40 73 87 13 14 79 48 84 54 41 52 25 95 28 61 16
64 1 98 35 4 69 39 72 41 82 7 45 50 18 51 32 88 90 58 37
96 48 43 6 39 72 9 41 75 99 79 16 11 18 83 53 54 40 24 15
32 33 67 4 37 7 72 92 39 44 45 61 17 50 8 68 49 86 29
32 3 69 7 54 31 29 77 47 80 50 18 67 53 86 87 89 91 61 63
19 33 2 70 93 73 76 34 47 77 16 83 53 22 87 56 79 60 13 95
96 32 66 35 4 37 70 40 75 46 48 20 21 55 56 58 59 29 94 31
97 98 38 33 63 95 71 50 47 80 49 18 84 57 25 90 59 61 94 81
64 97 43 6 1 40 9 11 56 18 3 84 57 24 7 26 95 62 51
0 19 98 35 36 37 38 71 28 14 49 18 67 21 86 23 56 59 60 31
33 18 6 9 62 12 13 16 24 82 51 84 21 54 85 56 57 58 94 95
64 1 69 72 10 75 15 48 53 20 21 55 88 62 26 5 61 94 95
65 66 3 68 33 30 75 12 34 46 15 91 84 97 88 36 79 52 20 53
32 65 66 91 4 6 39 9 74 44 34 14 47 80 82 51 1 54 27 62
65 35 68 69 40 73 12 13 78 77 80 72 46 88 57 27 60 61 36
64 57 70 7 40 31 74 87 61 78 47 51 85 23 25 95 28 29 30 21
64 96 2 3 7 8 9 74 12 45 78 47 16 49 50 46 88 24 89 72
96 33 2 68 0 40 23 76 98 45 48 81 83 53 22 87 25 58 85 19
67 36 37 70 93 91 9 43 47 79 18 83 20 53 41 87 27 92 58
32 65 34 35 37 97 8 73 74 21 45 15 92 91 53 9 59 28 61 95
1 2 68 7 60 76 66 14 15 48 49 18 19 53 86 56 25 28 94 85
96 64 2 35 68 97 73 10 34 46 77 17 82 20 30 59 9 27 93 94
99 69 38 40 45 46 77 48 17 37 84 21 54 23 56 88 26 15 90 85
96 3 35 68 41 42 76 45 14 77 99 20 53 86 58 27 92 74 94 85
1 2 67 37 38 97 9 62 34 48 82 21 54 55 57 27 60 61 94 95
96 34 99 4 49 7 72 41 39 12 48 81 83 86 56 57 90 61 63
34 75 4 39 8 42 11 44 61 14 79 16 99 20 53 56 57 93 85 31
64 65 99 86 70 1 41 10 11 95 92 59 83 54 71 91 19 90 30 63
51 34 67 36 40 73 43 76 92 88 35 20 62 22 9 56 25 60 94 52
32 1 4 69 40 9 74 87 72 82 51 52 21 55 25 26 92 10 94 36
2 99 6 38 72 60 42 46 16 90 10 84 21 24 58 28 29 94 63
32 61 67 4 92 11 45 14 47 50 82 53 56 68 91 60 29 21 63
3 4 71 31 73 74 11 50 43 18 19 84 23 56 89 58 27 60 94 63
96 32 2 99 37 17 43 98 78 27 49 82 83 52 22 39 59 61 94 63
96 98 99 4 6 70 9 75 79 11 17 50 52 23 88 68 90 91 30 5
65 66 35 69 6 9 41 77 47 88 82 84 21 23 24 90 26 70 61 37
64 97 66 99 38 32 73 13 15 18 83 54 41 89 26 47 29 30 51
3 68 69 70 7 41 42 11 12 77 79 82 53 86 88 90 27 94 95
96 0 98 5 40 9 55 76 34 77 72 50 51 84 86 23 27 92 93 31
96 1 66 3 37 51 7 40 41 75 99 84 53 55 24 89 90 29 83 31
1 2 67 71 72 9 74 98 79 48 8 50 51 20 85 86 55 52 59 92
80 66 99 70 38 37 42 13 48 56 82 21 54 23 88 57 90 59 26 5
1 68 37 6 40 41 12 13 15 81 50 51 21 54 57 89 47 60 93 85
0 65 99 37 6 72 62 45 13 27 82 52 53 86 57 25 15 21 94 95
97 67 6 7 73 74 43 76 61 51 20 62 87 56 55 90 92 29 94 31
64 1 67 38 70 72 9 10 12 46 15 81 50 3 54 89 47 28 30 51
97 35 4 5 51 40 91 10 94 50 15 49 82 83 53 85 36 47 30 95
96 34 35 68 39 8 9 23 77 79 80 49 3 52 86 40 55 92 95
32 0 66 35 37 70 1 8 98 27 99 81 67 21 59 24 57 91 29 51
96 65 98 75 5 70 8 9 11 34 47 48 49 37 56 57 0 29 62 95
51 34 67 37 38 15 79 46 47 80 83 84 21 23 24 57 91 28 94 52
64 1 66 99 36 37 73 10 11 34 47 57 53 22 55 68 98 92 93 63
0 66 99 38 7 60 43 76 13 14 47 92 24 82 52 21 18 57 90 28
64 0 66 43 90 49 31 74 11 98 46 81 84 85 39 71 91 93 20 52
96 1 75 68 70 7 8 73 11 78 47 48 56 83 22 24 26 91 62 19
0 66 67 69 49 72 31 27 34 46 47 16 17 52 86 87 26 15 28 63
65 34 3 70 38 97 73 43 48 81 83 52 53 9 88 56 91 28 29 5
96 64 35 68 37 72 73 10 45 78 13 16 50 83 85 88 89 47 60 94
32 97 66 0 17 40 73 42 23 29 34 14 47 8 83 86 9 15 93
96 64 68 5 47 8 41 62 46 15 48 20 21 86 89 90 59 28 94
33 2 27 5 17 75 45 49 82 21 54 23 18 25 98 91 28 39 95
64 65 91 69 6 97 73 76 77 78 79 29 83 22 55 25 33 59 58 0
3 2 35 4 7 8 41 43 34 78 13 80 24 99 54 9 23 89 58 63
32 0 68 70 6 39 9 42 78 47 81 20 21 86 23 24 31 60 62 63
2 70 71 42 43 44 98 78 77 17 82 58 90 56 18 23 87 13 74 88
97 67 4 37 71 40 91 7 77 81 50 83 21 87 24 26 59 60 62 31
16 98 67 71 73 74 43 29 48 17 10 57 52 85 41 55 27 42 62 31
64 1 66 99 98 7 40 42 43 44 34 78 15 48 50 83 67 29 74 30
19 97 34 3 72 9 11 45 80 13 48 49 82 51 85 86 23 57 62 95
19 97 66 67 69 93 44 43 12 78 15 99 3 53 23 88 25 58 61 85
96 32 35 6 17 72 10 87 78 15 16 49 22 40 56 28 74 94 63
0 1 66 51 97 40 9 42 77 14 47 81 83 54 88 15 92 74 30
96 65 98 6 1 73 41 75 79 80 17 18 85 9 89 90 95 26 30 16
33 2 67 4 74 75 61 46 47 16 49 84 85 11 87 52 26 90 55 31
33 66 3 70 97 9 74 71 76 45 79 49 18 84 21 56 57 91 93 63
1 4 49 81 28 74 12 45 14 77 17 50 82 54 89 26 47 60 93 31
97 35 49 6 71 80 73 76 77 29 48 81 50 99 59 90 91 28 93 62
0 65 66 27 32 37 1 41 10 39 76 50 78 80 82 51 84 55 58 59
16 34 4 74 61 44 77 46 79 48 81 19 52 78 88 36 95 10 94 53
19 68 37 81 41 43 76 46 80 17 82 83 84 21 9 24 25 5 94 52