1 2 4 7 11 12 14 18 21 23 24 34 36 41 42 44 46 47 48 50 52 53 54 56 57 60 64 65 66 68 70 73 77 82 85 89 92 94 95 99
^Malicious
96 65 3 5 39 7 12 77 45 16 67 85 56 57 71 92 61 30 31
66 99 5 6 39 95 75 45 78 11 49 50 35 53 57 56 25 38 93 31
79 33 4 6 38 72 73 74 12 18 14 15 76 81 82 51 78 88 47 92
0 65 2 4 5 49 44 98 81 82 51 52 66 89 25 58 28 29 62 69
19 66 35 68 69 6 2 78 45 48 49 37 3 46 54 88 57 22 90 21
48 34 3 68 69 73 78 47 80 49 91 58 86 55 56 89 26 27 93 94
33 66 3 5 48 42 75 18 14 16 11 50 19 20 87 58 91 29 94 37
96 65 97 72 9 74 75 44 77 14 45 78 20 21 54 57 13 60 29 63
96 65 2 36 37 38 39 75 13 47 18 52 82 22 61 20 90 27 58 21
32 67 68 37 6 71 42 46 47 48 10 19 20 21 25 26 95 60 29 5
32 5 71 41 74 60 14 15 49 50 56 21 23 24 90 29 28 26 30 63
0 33 34 68 69 7 72 73 74 43 14 29 80 85 89 71 92 10 62 63
64 1 98 67 69 70 32 71 82 14 47 81 50 20 86 18 38 61 30 63
98 67 17 6 7 8 73 11 12 15 49 82 19 52 85 54 55 28 93
96 98 4 37 6 72 10 43 44 13 47 81 82 22 56 24 89 60 29 62
64 65 2 67 69 70 9 0 18 92 17 82 94 22 87 25 38 28 30 31
0 97 67 5 38 9 11 50 47 82 83 52 54 23 88 84 26 91 94 31
64 65 2 3 69 39 40 9 75 78 88 19 46 23 83 26 95 21 53 31
32 0 68 37 44 75 12 13 79 50 20 21 86 85 88 4 59 61 94 63
32 1 2 67 68 69 6 33 72 73 39 45 16 49 50 56 4 28 94 5
2 11 36 69 7 40 9 43 76 77 45 16 88 3 73 23 71 26 95
32 80 67 99 5 48 8 9 42 23 16 17 18 83 40 56 57 91 10 94
0 65 34 6 71 96 10 78 93 83 46 73 41 24 89 90 91 28 53 51
96 1 59 97 69 6 65 40 42 76 13 77 80 72 82 24 89 26 47 28
64 19 98 35 68 38 92 43 76 47 16 49 50 3 53 23 83 25 28 94
32 66 11 36 6 73 10 75 98 56 67 53 22 9 23 87 92 62 31
32 65 2 99 69 33 9 75 77 14 27 81 50 51 21 22 67 98 59 95
19 80 2 68 5 7 92 95 83 66 16 51 85 86 25 54 28 29 63
64 0 34 99 68 6 97 96 10 87 44 14 79 48 67 9 24 59 29 31
19 1 2 36 39 42 75 76 78 15 80 82 83 52 55 88 60 62 95
18 3 37 71 40 41 42 83 76 77 13 16 50 19 54 24 57 61 62 5
96 1 2 3 4 37 70 41 75 44 76 82 35 87 24 25 90 91 29 0
51 2 36 6 8 41 44 66 78 47 80 49 29 19 54 88 57 26 91 13
67 69 53 11 12 77 15 16 49 75 35 52 85 22 57 90 91 21 29 63
96 99 36 38 7 74 43 94 78 59 75 67 46 24 39 90 91 60 30 85
96 97 34 3 5 9 42 43 77 46 15 80 75 83 52 23 56 20 28 95
64 1 2 37 70 7 41 10 95 76 13 96 49 51 78 89 26 59 28 19
32 1 36 33 39 41 10 11 13 60 17 95 57 25 71 27 28 58 94 63
32 3 36 5 41 43 44 63 47 48 49 50 35 22 23 4 26 27 61 69
0 97 99 4 69 71 8 75 12 77 3 84 57 56 20 33 60 94 63
0 2 59 5 6 49 9 75 44 15 48 17 83 53 22 23 56 26 47 95
64 97 2 36 69 33 72 9 42 44 13 10 19 23 88 90 95 60 26 37
67 36 5 39 75 44 13 14 15 27 20 85 22 57 71 54 86 29 94 95
1 5 48 38 70 7 41 39 76 77 47 80 49 82 83 6 79 51 30 81
33 3 36 37 51 71 40 41 11 94 80 83 84 85 24 52 58 27 4 63
84 66 3 36 37 7 40 24 98 14 13 17 82 52 22 56 20 28 30 31
97 98 67 37 70 7 8 41 11 14 93 18 20 85 22 90 63 26 5
64 51 66 99 48 3 32 40 11 77 15 80 43 19 20 54 67 57 61 30
32 97 2 54 49 41 83 96 47 81 18 19 52 53 22 9 89 59 20 5
65 3 69 1 23 76 45 46 79 80 82 52 14 22 87 88 57 59 63
0 96 2 87 5 70 71 73 42 75 44 98 15 76 41 53 23 6 28 37
32 65 2 99 37 8 74 11 13 47 40 82 20 53 86 84 26 79 61 95
32 99 4 70 39 8 23 13 79 16 49 35 17 55 24 90 95 53 62 85
32 65 98 35 36 0 39 12 11 76 47 16 82 83 52 85 84 28 29 30
0 65 11 5 51 40 73 57 75 16 49 82 83 85 86 89 24 25 22 28
64 0 2 99 4 37 38 33 74 11 44 45 80 18 35 22 57 90 91 16
96 0 4 37 6 7 9 75 77 46 15 80 82 32 22 57 39 71 94 68
2 11 36 38 72 9 43 12 46 15 49 75 52 21 86 55 25 93 63
64 33 32 69 38 71 53 95 45 46 48 18 84 14 87 25 91 28 29 21
32 97 2 99 54 43 94 45 14 81 91 19 46 22 23 90 27 61 30 53
97 2 99 17 6 49 72 41 43 18 48 81 50 52 53 22 88 20 27 62
32 97 2 99 36 70 40 9 74 11 95 96 47 81 83 89 63 79 62 0
32 33 2 67 5 38 73 11 13 46 75 19 78 54 23 24 83 6 29 95
96 33 66 34 36 69 41 67 59 98 77 16 17 83 21 54 73 26 79 61
33 35 4 70 40 9 74 12 16 17 19 52 53 87 24 57 27 29 20
64 35 5 70 73 74 43 93 56 50 51 84 53 22 55 88 57 25 29
64 67 72 41 43 44 13 78 48 49 18 19 52 53 86 9 20 59 92 93
19 65 34 5 6 7 8 73 10 77 46 83 52 22 87 89 26 91 28 51
33 27 36 5 70 97 8 42 44 46 47 17 18 95 20 58 38 61 62 81
96 1 66 3 73 42 23 44 13 46 80 17 18 83 9 78 86 55 27 30
0 96 2 5 7 76 42 12 46 60 50 51 84 86 55 57 26 27 28 90
64 95 35 37 70 72 41 10 77 46 16 49 50 83 84 59 27 92 61 63
32 80 66 3 54 38 7 40 74 45 14 15 16 50 20 53 86 22 60 85
33 3 6 39 94 41 42 12 13 79 76 50 21 54 9 10 28 60 62 31
97 34 3 36 5 33 41 42 71 12 15 4 81 50 84 17 87 89 49 30
96 33 2 67 6 70 8 11 44 77 16 49 35 52 54 23 20 90 59 29
64 34 67 5 44 42 12 46 48 17 26 20 74 57 25 90 59 10 62
64 1 35 97 38 7 40 96 11 12 45 93 49 50 83 21 71 92 26 62
0 1 68 38 70 39 8 11 29 13 47 18 83 82 24 79 28 61 31
32 95 66 4 69 71 73 74 98 78 15 49 51 21 25 47 92 53 62 63
97 36 40 9 42 55 44 45 13 16 49 50 52 53 86 87 56 28 30 85
51 2 67 68 5 9 42 44 13 46 79 76 91 35 54 23 24 26 59 63
2 3 4 36 7 9 23 45 46 49 51 84 89 55 88 68 27 28 20 31
33 36 37 10 75 44 14 80 53 51 52 85 22 57 26 95 78 20 63
32 1 34 3 37 97 47 95 76 13 15 49 53 23 89 98 59 26 94 31
64 35 98 99 5 41 74 83 44 45 80 18 3 21 86 23 57 63 30 31
34 37 70 7 60 75 14 15 16 17 83 20 54 23 89 49 79 28 93 69
64 96 35 4 22 7 8 41 76 78 84 21 86 23 88 89 25 59 62 95
98 35 68 5 39 41 42 78 27 16 81 82 84 46 24 87 56 91 62 85
32 97 4 5 7 72 73 39 12 46 16 17 80 40 56 57 58 59 92 31
64 97 34 35 4 5 38 96 74 43 12 66 47 49 82 19 57 79 30
32 2 5 41 11 76 98 46 15 49 53 86 9 57 87 59 92 94 62
32 66 35 37 9 62 44 14 15 48 49 69 46 76 23 88 25 24 30 53
96 80 68 69 7 8 42 43 76 79 16 49 97 48 23 24 57 71 26 36
48 98 91 4 6 41 75 44 13 14 16 76 50 19 23 18 83 58 59 93
0 99 37 70 39 8 9 74 11 44 45 14 76 17 18 84 43 56 60 81
65 98 99 37 6 97 72 9 42 76 47 67 20 21 55 56 92 94 62 35
48 3 5 38 8 44 45 14 80 49 18 83 84 78 24 72 89 27 94 95
65 34 50 6 97 40 41 45 79 81 82 51 20 21 9 25 27 92 61 94
97 2 67 36 7 40 10 11 76 45 46 16 49 18 19 52 20 26 31