32 4 71 44 13 48 85 22 25 90
^Malicious
4 10 15 17 18 20 23 24 25 27 34 37 41 43 45 47 48 50 53 57 60 64 67 69 80 83 88 93 94 99
3 13 17 18 19 28 29 35 37 44 50 51 54 56 58 63 69 70 71 74 75 77 78 81 82 84 86 91 92 93
5 7 13 15 16 19 21 23 25 26 28 31 33 38 39 41 43 44 50 51 55 56 59 63 69 76 87 92 94 96
0 2 4 11 14 20 22 23 25 28 34 36 41 43 45 47 51 57 58 61 68 75 77 80 81 83 84 87 89 96
1 2 5 9 11 12 13 17 19 23 25 26 33 35 36 42 51 57 58 61 68 72 73 78 81 83 86 90 94 96
0 8 9 11 12 24 27 28 31 34 37 42 43 44 46 48 51 53 55 56 63 65 69 72 75 78 79 82 90 92
0 3 8 9 13 16 19 21 25 27 28 33 36 39 40 42 55 58 59 65 71 74 79 88 89 91 92 95 96 98
0 2 10 13 16 24 27 30 32 35 39 41 43 46 47 53 54 60 65 66 70 74 76 81 83 90 91 93 95 97
2 3 5 7 9 15 19 21 31 32 34 39 43 47 48 49 50 53 55 56 60 62 66 68 82 85 87 88 89 91
4 7 10 11 15 17 22 24 25 26 30 31 33 36 39 41 46 47 51 56 58 60 67 70 78 86 89 94 95 99
0 7 14 16 19 20 25 26 28 29 32 35 38 39 40 42 44 45 53 56 59 64 66 67 78 81 86 92 93 96
0 3 13 14 19 27 30 35 37 41 45 46 55 56 59 62 63 68 69 70 76 78 80 81 85 86 87 90 92 99
8 16 18 20 23 27 31 32 41 48 49 52 56 62 65 66 69 73 74 75 76 80 82 83 86 89 90 91 92 97
0 8 9 10 12 17 19 22 26 27 35 37 39 41 43 44 45 47 49 55 57 61 64 68 72 78 84 86 89
0 1 4 6 8 9 10 15 20 21 22 23 25 27 29 31 38 42 45 53 55 56 58 61 64 65 66 82 84 94
2 3 16 22 26 31 32 33 36 37 38 45 55 60 64 66 68 70 72 75 77 83 86 88 89 90 94 95 96 98
0 1 2 8 12 13 19 20 21 24 26 38 39 41 42 53 54 56 57 61 62 63 65 69 71 75 85 89 94 96
0 3 6 14 19 22 29 30 32 34 38 41 49 54 55 58 61 63 66 67 69 70 73 79 82 84 85 91 98 99
4 6 8 9 12 22 23 26 32 33 36 39 41 46 50 52 53 61 63 66 68 72 73 81 82 83 86 92 95 99
8 10 11 13 14 15 17 26 29 31 33 36 40 44 48 50 54 56 57 58 62 65 76 77 84 86 88 93 94
4 5 9 12 16 17 18 21 23 26 27 29 30 32 33 38 39 43 45 46 51 52 60 68 71 80 81 82 93 96
0 7 11 12 23 28 30 32 33 36 37 40 44 45 52 54 57 61 65 72 73 74 76 83 85 86 91 92 99
5 6 7 12 13 16 18 20 26 27 28 31 35 37 39 43 46 48 51 52 60 61 64 80 82 85 89 91 94 97
0 3 5 7 12 25 27 32 39 40 41 45 47 50 52 57 62 63 64 66 69 72 73 74 84 89 90 91 92 98
10 12 22 25 26 29 30 33 34 35 36 42 44 46 47 52 56 59 63 70 73 81 82 83 84 87 88 93 97 98
8 13 17 20 21 37 40 41 44 49 54 59 60 61 63 64 65 66 67 74 78 79 83 84 85 88 89 94 98 99
0 2 5 8 20 21 23 25 29 32 33 34 45 49 54 56 59 64 68 70 71 72 73 76 80 88 89 97 98 99
0 4 11 14 15 16 18 20 25 29 30 31 35 37 41 51 53 54 61 65 79 81 84 87 90 91 92 97 98 99
10 13 16 17 20 21 26 31 32 34 38 42 45 47 48 49 52 53 56 61 62 64 68 79 81 84 86 89 98
0 3 4 8 15 16 18 21 25 27 28 30 31 44 46 47 50 51 52 59 66 69 72 77 78 80 84 91 92 96
1 2 3 6 8 21 23 29 32 33 36 37 38 42 44 61 64 66 71 73 74 77 79 83 84 88 91 92 94 98
1 2 5 6 7 8 9 13 16 24 26 36 43 49 50 51 59 64 71 73 76 80 82 84 86 88 90 97 98
1 2 5 6 11 15 22 23 26 27 29 35 37 39 46 48 49 52 67 68 74 77 80 82 84 87 90 91 97 98
1 4 10 15 16 19 21 28 30 34 38 44 46 50 51 52 54 57 66 70 71 75 76 79 81 82 91 92 95 98
3 4 5 13 15 18 21 23 24 29 30 36 43 50 54 61 62 68 75 77 79 80 84 85 87 88 91 92 93 98
3 7 8 11 15 25 29 30 31 33 40 43 48 49 51 52 59 61 65 67 69 70 77 80 82 87 90 92 94 99
6 9 12 14 23 27 28 29 30 33 34 44 48 49 55 56 58 60 62 67 69 72 73 74 77 85 86 91 93 94
0 3 4 5 7 17 25 40 42 43 47 49 52 53 54 56 61 64 65 69 70 74 79 81 83 90 93 94 96
3 4 7 11 12 14 17 18 20 22 23 25 31 34 37 46 54 60 61 67 72 75 77 82 86 88 89 91 94
0 2 3 5 7 8 10 12 14 15 22 25 26 35 40 43 46 58 59 62 64 74 76 89 90 91 92 94 96 97
0 1 8 10 12 14 16 25 29 30 34 41 42 44 46 51 53 56 57 59 67 78 81 89 90 92 93 95 97 99
3 5 6 10 11 12 13 19 24 27 28 29 43 44 45 51 53 56 64 65 66 67 68 69 76 79 84 86 90 98
0 12 15 18 20 28 29 34 36 43 46 52 54 56 60 63 66 68 71 72 77 84 85 88 89 90 91 93 98 99
3 4 8 9 15 21 27 28 36 40 41 44 45 49 51 54 55 57 61 63 68 72 74 83 85 88 91 94 96 99
5 8 9 10 13 15 17 19 22 23 28 29 30 31 32 34 38 42 50 53 55 56 57 63 64 74 79 80 88 95
0 5 9 10 13 14 33 37 41 42 44 46 47 56 57 58 59 60 66 71 76 77 81 83 84 87 88 92 97 99
0 1 2 3 5 9 15 16 21 28 32 33 34 36 37 42 43 47 53 54 61 66 71 76 78 88 89 90 94 95
7 16 18 23 25 29 31 36 37 38 39 48 57 69 70 72 77 79 80 85 86 87 89 91 92 93 95 98 99
0 9 15 17 22 24 26 27 30 34 39 41 43 52 55 56 59 61 71 72 73 76 77 79 83 84 86 90 95 99
2 7 13 14 15 17 22 23 24 26 28 37 50 52 53 55 59 65 68 69 71 72 75 79 89 91 94 95 97 98
2 10 14 15 22 31 34 39 40 42 48 53 58 62 69 73 74 75 76 79 82 83 84 85 88 91 92 93 96 99
9 10 16 17 21 22 28 29 33 35 37 40 41 47 48 53 58 67 72 73 76 77 81 90 92 93 94 96 98 99
1 2 6 9 10 13 15 24 27 28 30 33 35 37 40 44 47 51 54 59 62 63 69 70 71 77 82 86 87 89
1 4 6 7 10 11 15 16 21 25 26 34 35 37 39 45 52 56 58 60 62 66 70 71 72 73 75 81 87 97
1 5 6 9 13 14 17 22 24 25 27 28 31 33 34 43 47 49 50 57 60 61 72 74 78 80 82 93 94 97
0 10 11 14 15 20 21 25 30 32 35 37 40 48 49 52 57 61 62 66 67 78 79 80 81 86 89 91 97 98
0 9 18 21 24 27 30 31 34 37 43 44 48 52 54 57 60 62 69 71 72 74 77 82 86 87 88 93 97 98
3 7 11 16 17 23 25 32 36 38 42 45 46 48 49 50 55 58 63 65 67 72 73 74 78 81 82 93 94 99
0 2 6 13 18 22 26 27 28 30 43 49 54 62 65 66 69 73 75 78 84 86 87 88 89 90 91 94 96 99
4 8 10 19 21 23 24 25 29 31 36 38 41 48 51 52 54 56 60 64 67 73 77 80 86 89 92 94 96 97
3 4 6 11 14 21 22 25 27 29 30 34 35 38 41 53 54 61 65 68 80 83 84 87 92 94 95 97 99
0 1 3 5 6 11 12 15 17 24 26 29 42 44 46 48 50 53 55 56 57 62 63 64 68 70 71 75 87 93
1 4 6 11 15 20 28 31 33 34 37 38 45 46 47 51 53 54 57 66 73 78 79 80 85 88 90 94 95 96
7 11 12 16 19 23 26 30 32 34 35 36 40 47 48 51 54 66 68 69 71 72 73 74 76 77 83 89 96 98
6 8 11 16 18 19 24 25 27 28 29 36 48 57 59 65 68 70 71 77 80 82 84 89 91 92 93 94 98 99
1 3 6 9 11 12 13 17 21 24 26 28 31 34 36 38 48 50 55 58 67 72 76 78 79 81 88 90 94 97
3 4 7 10 16 19 22 23 27 29 31 33 37 38 42 47 49 52 53 58 59 63 70 72 74 84 85 91 92 94
0 8 21 22 29 35 38 40 44 49 51 52 53 55 59 60 64 66 68 72 73 77 79 88 89 90 91 95 96
9 10 11 13 17 22 27 29 31 35 37 38 39 40 52 55 61 62 65 67 70 73 74 81 83 85 88 93 95 99
1 4 10 18 19 21 22 24 26 32 34 37 41 42 43 45 46 57 58 63 65 73 74 76 77 78 88 93 94
3 9 10 15 21 22 27 28 34 35 36 42 43 48 50 57 58 62 66 67 72 73 74 78 79 81 85 88 95 99
0 1 13 15 19 23 27 28 30 35 36 37 40 53 54 56 59 66 69 70 81 82 83 84 85 86 90 92 95 97
4 6 7 17 22 25 26 27 28 29 31 35 36 39 40 52 57 58 61 66 75 76 77 79 81 88 92 95 97 98
5 13 14 18 20 25 29 30 35 38 45 54 56 58 64 66 67 69 71 78 79 81 82 84 88 92 94 95 98 99
2 5 10 14 15 16 22 25 26 30 34 35 36 37 38 42 49 53 59 60 61 69 77 80 81 82 90 92 93 98
1 10 12 18 25 27 29 30 35 46 47 50 52 56 60 62 64 71 72 77 79 81 86 90 92 94 95 97 98 99
1 3 7 10 22 24 32 35 40 43 44 50 51 54 56 57 58 59 60 66 67 68 70 73 86 92 96 97 98
1 4 8 10 12 13 16 17 26 28 29 36 40 50 51 57 58 59 71 75 76 83 84 91 92 93 95 97 98
9 21 24 25 32 34 36 38 48 51 53 54 55 57 59 64 70 72 73 75 77 79 83 86 88 89 91 96 97 99
0 1 4 8 12 14 16 23 24 33 36 37 39 44 45 47 49 57 61 69 73 77 82 83 85 86 88 95 97 98
0 2 3 5 8 10 14 17 18 20 25 28 31 32 35 41 43 52 62 63 75 82 83 84 86 90 92 94 96
2 6 8 9 11 15 16 19 26 31 32 37 38 44 46 47 49 51 56 58 59 64 71 74 75 82 86 91 92 93
6 8 9 10 11 18 21 25 28 31 36 38 39 41 44 46 48 50 61 62 63 64 65 70 73 78 94 96 98 99
0 1 5 11 12 13 16 28 29 38 39 40 42 47 48 49 51 60 65 76 77 79 80 87 90 91 94 95 97
9 10 11 16 18 19 23 24 25 28 29 33 40 41 43 44 47 52 53 61 64 66 74 78 79 86 88 90 98 99
2 7 9 12 14 22 26 27 28 32 33 42 46 47 48 52 53 56 61 65 69 72 74 78 80 82 83 94 95 99
2 5 7 10 12 14 21 24 27 29 30 31 33 35 39 44 50 51 53 63 65 66 68 71 77 81 82 88 90 91
1 5 10 12 15 18 22 23 30 38 49 53 56 57 62 63 67 70 71 73 75 76 81 84 85 86 88 94 97 99
2 8 10 16 18 20 22 25 35 37 38 39 40 43 48 49 56 62 63 65 68 70 74 77 79 82 84 86 94 97
3 4 5 8 22 23 26 33 36 37 42 50 51 55 56 57 59 62 63 65 66 68 71 77 78 79 83 93 96 99
9 16 18 19 22 23 28 32 34 35 36 38 42 45 47 52 60 66 70 72 75 77 78 82 84 85 86 87 89 93
3 5 10 18 19 20 34 36 37 38 40 43 44 50 52 53 54 59 62 64 69 71 74 76 78 84 85 95 99
10 16 19 20 21 24 28 29 30 31 39 40 48 50 55 57 58 62 63 66 68 75 76 79 80 85 90 93 95 96
4 5 6 10 12 19 26 28 33 34 35 37 45 47 54 55 63 65 68 69 71 73 80 84 87 88 89 90 95 97
2 5 8 15 16 19 23 25 29 32 34 35 36 38 42 44 45 49 54 55 56 63 66 77 79 80 81 82 84 92
2 3 4 10 16 17 19 20 24 33 36 40 42 45 46 52 53 54 55 57 62 66 73 80 82 84 85 87 90 94
4 5 6 11 14 16 19 20 24 26 27 28 31 32 35 46 50 59 67 68 71 72 80 81 87 89 91 93 97 98
1 4 5 6 12 15 19 20 21 24 26 33 35 36 41 43 46 51 54 55 56 64 70 72 73 85 90 93 94 99
0 1 2 4 5 6 8 9 11 13 20 29 36 38 41 43 44 50 51 52 57 61 63 64 76 80 82 84 91 97
0 2 4 8 12 15 21 22 23 26 28 35 39 45 46 51 57 61 66 68 69 73 76 77 79 85 86 89 91 96