36 41 42 13 84 22 90 92 29 94
^Malicious
1 3 7 12 20 25 31 34 38 39 40 43 45 47 48 49 59 60 62 64 67 75 80 83 84 86 88 90 94 99
4 5 7 12 14 20 22 27 34 35 51 53 58 59 60 61 65 67 68 69 72 73 75 79 81 82 84 92 96 97
4 6 9 11 12 21 27 30 36 37 39 42 43 44 50 56 57 58 59 72 74 77 80 85 86 91 94 95 97 98
1 2 9 10 15 16 18 19 20 30 31 32 36 47 48 53 56 57 60 65 66 69 71 74 75 80 81 92 94 95
10 11 14 15 24 25 28 29 31 36 42 43 45 54 56 60 66 67 68 71 74 78 79 81 82 86 87 88 89 95
0 3 7 12 13 15 19 22 23 30 31 35 41 43 44 46 48 51 54 57 62 67 70 71 77 78 80 83 97 99
0 1 4 7 9 10 20 26 28 30 35 38 39 51 52 53 54 55 58 64 65 68 74 75 81 84 91 92 93 94
3 8 9 11 13 14 18 21 23 24 33 34 37 40 41 43 46 48 56 57 59 60 69 71 74 77 79 86 93 94
7 12 14 17 19 21 22 24 35 36 40 42 43 54 58 60 61 62 66 69 76 77 80 85 86 88 91 95 98
3 4 6 15 16 18 19 26 30 33 39 48 49 57 61 66 69 70 73 76 80 81 86 90 91 92 94 97 99
6 7 9 12 13 17 19 24 34 43 46 47 55 56 57 58 64 66 69 71 75 76 77 82 83 84 86 87 94 98
0 5 7 10 12 17 21 22 33 36 37 43 45 46 47 50 51 56 59 64 65 70 77 79 81 84 85 89 98 99
0 5 9 15 20 26 28 31 38 41 42 46 50 51 55 56 58 65 66 71 74 76 79 82 84 85 88 95 97 98
4 5 6 7 8 9 16 22 23 24 28 29 32 33 35 44 53 55 63 70 72 75 76 82 85 87 91 92 96 97
3 4 5 7 8 12 13 20 24 28 34 35 37 39 41 51 56 59 62 63 68 71 73 79 88 89 91 92 95 97
0 1 2 10 11 16 19 22 24 25 30 31 36 40 44 51 53 55 56 67 69 72 74 75 80 81 89 91 93 94
0 2 13 14 15 17 19 23 27 31 34 35 44 47 49 53 54 59 64 67 68 75 76 77 89 90 91 94 97 99
2 4 6 9 11 18 21 26 29 30 32 33 34 39 43 49 62 64 66 69 71 72 73 77 78 80 90 93 94 98
0 3 4 7 8 11 12 25 26 30 33 36 40 43 46 47 48 51 53 55 63 65 66 67 80 87 88 90 94 99
8 11 13 18 23 24 25 26 33 39 43 45 46 47 54 57 61 64 68 70 72 74 77 80 81 83 84 85 87 94
0 6 11 13 14 18 27 33 35 42 43 44 48 50 51 53 57 58 60 76 78 79 80 81 85 86 89 92 96 97
0 4 6 9 17 20 24 25 33 37 38 42 47 49 54 58 59 61 63 64 65 67 73 75 84 87 91 92 93 96
5 6 10 17 21 24 29 30 33 39 41 44 45 46 48 49 50 52 54 61 62 67 68 75 76 79 90 95 96 98
2 12 19 29 33 39 42 48 51 52 56 58 60 61 63 65 66 72 76 78 79 82 88 89 91 93 94 97 99
0 7 9 10 13 15 16 17 19 20 22 26 27 28 34 35 37 43 51 52 53 55 66 67 74 75 78 82 89 92
2 3 4 6 10 13 16 27 28 42 44 47 49 55 57 62 66 70 71 75 77 78 82 83 85 90 91 93 95 99
1 3 8 9 11 18 19 21 22 24 28 31 32 34 36 37 39 40 46 48 62 68 71 73 79 80 84 87 91
4 7 8 9 14 15 22 25 28 32 33 34 36 43 45 47 55 59 63 65 66 67 68 74 75 78 79 81 88 90
9 12 16 19 20 25 30 32 33 35 42 49 51 60 62 72 73 74 75 77 80 83 84 86 89 90 93 95 96
0 11 18 26 30 35 42 47 49 51 52 53 54 56 61 68 71 74 75 78 79 81 82 86 87 88 94 95 99
2 4 5 10 13 21 24 25 28 32 34 38 39 42 43 44 45 54 57 68 69 78 83 85 86 87 94 95 96 99
1 2 5 7 12 14 18 21 22 23 24 29 30 35 45 49 54 57 67 68 69 71 74 77 78 80 83 90 96 97
3 4 9 10 21 26 27 28 30 35 36 43 47 49 50 55 60 61 62 71 75 76 81 83 85 86 90 92 95 99
1 2 5 7 9 12 18 21 22 23 28 30 45 56 57 58 59 65 69 71 74 81 84 85 86 89 92 93 99
4 5 6 7 8 12 15 25 26 30 35 36 39 45 48 52 57 65 71 75 77 78 81 82 84 86 89 91 92 98
4 8 11 16 19 23 25 28 30 33 37 38 41 42 43 44 47 51 52 56 58 59 61 68 76 81 88 94 98
1 2 3 4 11 13 23 27 30 32 34 35 37 42 45 48 52 55 57 63 64 65 67 70 71 77 80 84 89 97
2 6 9 12 21 22 23 24 26 27 28 31 35 40 42 45 46 47 52 53 54 60 63 73 76 80 81 94 95 98
1 4 7 8 9 11 15 27 29 31 37 39 41 45 51 53 58 60 64 65 66 68 79 80 85 87 90 91 95 99
2 4 6 11 14 15 20 22 23 24 32 33 36 45 49 52 59 65 69 70 71 74 77 82 85 87 92 93 98 99
2 4 5 6 7 11 12 13 17 18 19 20 24 25 31 36 38 43 46 64 67 75 78 79 85 86 89 90 97
0 2 10 11 14 18 20 24 29 31 32 37 40 45 46 49 50 54 67 70 76 79 80 83 87 92 95 96 99
3 8 9 10 12 15 19 22 24 26 28 29 33 35 39 40 51 53 56 62 64 65 69 71 72 74 84 85 86 97
0 1 2 4 6 7 9 10 13 15 18 28 31 34 36 42 44 46 61 67 69 70 71 72 76 79 82 85 87 98
0 6 11 12 13 15 17 20 23 24 28 42 45 47 48 49 52 53 57 67 71 78 79 80 83 86 87 88 90 95
3 4 9 19 21 25 29 30 34 35 38 40 42 46 51 55 56 62 65 67 76 77 80 82 85 88 89 92 96 97
0 1 4 5 8 12 15 16 20 21 22 23 25 33 39 41 49 50 51 52 55 56 58 59 68 69 70 81 92 93
5 8 11 12 16 17 19 20 21 23 28 29 39 44 45 52 56 57 61 65 73 79 82 86 90 91 92 98 99
1 2 4 12 14 19 21 23 25 27 29 34 36 38 39 40 49 50 51 53 54 57 67 69 74 78 79 87 92 93
2 10 11 13 20 25 26 34 36 38 43 48 50 55 56 57 58 62 65 69 71 73 78 82 83 84 85 86 96 98
7 14 17 20 21 22 23 27 30 37 41 42 44 45 52 53 55 61 63 74 77 80 82 87 88 89 91 93 97 99
1 2 3 7 9 14 19 20 21 26 28 29 34 35 37 38 42 47 71 72 73 75 77 78 79 82 85 92 93 99
6 9 12 13 16 19 26 27 28 32 33 38 40 41 44 47 48 49 54 56 72 77 78 81 86 89 94 95 97
0 1 2 3 12 15 17 27 28 29 31 33 36 46 52 56 57 61 63 67 71 74 77 83 85 86 89 90 99
1 16 20 26 29 31 38 41 43 47 49 50 59 62 64 67 69 71 74 75 77 79 80 82 87 90 91 95 96 99
2 3 7 13 14 17 20 24 25 36 40 41 47 48 53 56 57 59 65 68 69 70 71 74 76 79 85 86 88 99
0 1 3 5 10 17 19 22 23 28 30 34 36 43 44 47 59 62 63 64 70 72 81 85 86 87 92 95 96 99
6 9 18 22 23 30 31 33 35 40 41 45 49 50 51 55 56 61 65 66 70 74 78 85 87 89 91 92 93 99
1 7 10 12 13 17 18 20 26 31 38 41 46 50 52 53 55 56 57 59 63 68 73 74 78 80 81 84 86 88
3 5 6 7 11 15 18 19 27 29 31 32 34 35 41 45 47 52 55 60 66 72 73 76 78 81 83 85 90 95
1 3 5 13 14 15 16 17 18 30 33 38 43 45 48 49 53 68 69 72 73 75 77 78 83 86 87 90 92 97
4 5 10 11 13 16 17 23 27 28 29 30 31 33 38 43 46 48 49 56 59 67 68 74 75 77 78 80 91 94
13 19 25 26 27 30 31 36 38 42 45 48 51 53 54 57 58 64 65 67 70 71 72 76 82 87 89 91 93
0 1 2 3 11 12 14 17 19 20 22 25 31 33 35 39 44 46 50 53 56 60 74 77 83 84 85 94 97 99
5 6 11 12 13 14 17 19 20 21 24 25 33 35 39 43 54 66 67 70 75 76 77 79 82 84 87 91 92 98
4 5 8 9 18 20 21 22 30 32 33 34 45 46 54 58 59 61 63 68 72 75 78 79 84 89 90 93 99
11 15 16 18 19 24 26 28 29 34 36 37 39 40 43 46 47 48 49 51 53 57 61 68 71 83 85 87 88 92
1 5 7 8 12 17 20 21 24 32 34 39 44 45 49 50 62 64 68 70 73 78 81 84 85 88 89 92 94 96
5 7 8 18 19 25 31 36 37 38 39 41 43 44 46 51 54 55 57 67 72 76 85 89 91 93 94 97 98
1 3 4 5 7 8 11 14 18 25 32 33 41 42 44 48 49 58 59 60 61 64 66 73 76 79 86 88 90 96
1 3 6 11 12 13 16 17 18 21 26 36 37 39 40 51 53 55 57 58 59 60 76 79 80 81 87 88 89 94
3 4 6 7 11 18 26 27 28 30 31 32 33 36 38 44 45 47 50 51 53 57 59 60 61 69 79 92 94 96
8 10 11 14 25 26 29 31 32 33 37 39 42 48 49 50 52 55 57 58 60 69 70 76 81 82 86 87 92 97
4 5 11 14 16 23 24 27 36 40 42 43 44 46 47 51 53 61 65 66 70 71 72 83 84 85 88 91 97 99
3 6 9 13 18 19 20 27 28 31 38 39 43 45 49 50 53 55 57 58 64 65 71 72 80 81 86 92 94 99
3 8 14 16 20 21 22 23 29 31 35 37 42 43 46 51 56 62 65 67 69 70 76 77 83 85 86 88 93 97
3 8 10 13 18 20 24 26 34 35 39 43 45 48 49 50 52 53 54 58 61 64 73 78 81 90 92 93 96 99
2 9 14 20 22 23 24 31 32 34 36 37 40 44 46 47 52 53 56 57 61 69 75 78 83 84 85 88 91
3 5 12 16 18 19 28 36 38 40 42 45 51 53 54 58 61 64 65 69 72 75 82 83 84 85 87 93 97
0 1 6 14 16 20 21 22 24 30 33 34 37 38 39 40 42 43 50 51 55 63 64 66 67 74 77 81 89 92
1 4 9 17 20 25 26 27 32 34 35 36 45 46 49 51 56 64 70 74 77 82 83 87 88 90 94 96 99
0 3 5 10 17 18 20 25 29 33 36 43 45 49 51 53 54 55 56 57 58 66 67 68 77 82 83 91 92
0 2 4 5 9 19 20 23 24 28 29 33 34 40 41 45 46 53 54 57 63 64 65 68 78 80 83 84 88 99
4 7 9 15 18 21 24 27 31 32 34 37 38 41 42 43 44 46 48 53 56 57 64 71 89 94 95 96 97 99
2 6 7 11 23 24 25 30 31 35 36 38 45 50 52 64 67 68 71 72 74 75 76 77 79 83 89 90 92 99
1 3 5 7 20 23 24 27 28 29 32 39 41 46 52 53 56 59 64 66 74 75 76 78 79 80 89 94 96 99
5 9 12 19 21 22 24 26 27 29 34 37 44 45 49 51 57 58 60 63 67 74 78 79 81 83 87 89 90
5 6 7 8 9 12 15 17 22 23 26 34 39 40 47 48 53 59 62 72 74 76 78 84 88 91 94 95 98 99
2 5 6 8 9 18 23 25 30 31 35 39 46 47 51 56 57 64 66 67 75 76 78 84 89 90 91 92 93 97
2 3 9 24 25 27 29 37 41 43 46 48 53 56 57 64 67 68 69 70 73 74 75 76 77 90 91 95 97 98
1 9 10 11 17 20 23 26 30 33 36 38 44 47 49 58 59 60 65 68 70 72 73 74 79 82 86 92 98
0 2 3 6 7 10 12 13 19 21 22 26 27 30 31 37 39 41 44 45 47 49 50 56 60 61 65 66 82 85
0 2 5 6 9 11 14 15 18 19 20 21 26 30 32 38 40 41 42 44 47 49 72 73 76 84 88 96 97 98
1 15 17 25 26 33 39 41 45 46 49 50 54 57 59 60 66 68 72 75 76 81 82 89 90 92 95 96 98
3 7 8 9 10 11 13 17 20 31 32 33 34 37 40 41 51 53 56 57 58 65 71 77 78 81 87 90 95 99
1 2 3 5 12 14 20 22 24 27 28 42 45 47 49 57 60 63 67 69 70 71 75 79 80 83 90 93 97 99
0 15 18 19 23 26 29 33 34 36 42 45 46 47 50 52 55 57 61 63 65 69 70 72 82 85 86 88 89 95
9 12 14 16 19 21 22 26 28 36 38 39 49 51 58 59 60 67 68 71 72 75 80 83 86 87 89 91 93 94
1 2 4 6 7 10 11 14 19 21 24 25 26 27 32 34 37 42 50 51 64 75 76 80 88 90 94 95 96 97
2 6 10 12 16 24 25 26 28 31 34 37 42 46 50 53 58 59 61 65 70 74 76 84 86 88 89 90 95 98