1 2 3 25 70 43 50 79 80 17 18 52 21 54 20 84 47 93 62 95
^Malicious
3 4 7 9 12 15 29 30 32 36 39 41 43 45 50 51 53 55 57 62 65 68 70 77 87 88 92 95 97
4 5 11 14 21 22 27 33 35 37 40 41 47 48 50 54 58 64 68 75 78 80 83 85 86 89 91 92 97
0 3 5 8 9 13 15 18 20 22 24 29 39 44 47 48 51 53 55 56 59 64 74 76 77 80 83 84 94 97
0 8 12 17 18 20 21 23 24 25 30 31 36 39 44 46 53 57 64 65 69 71 72 73 76 83 84 86 91 97
5 6 9 14 17 21 23 25 28 30 33 35 36 39 42 49 50 51 54 59 60 64 66 71 81 82 84 89 94 97
0 1 2 3 8 16 17 20 22 24 26 36 38 44 48 50 51 53 57 59 61 63 64 67 68 77 81 89 91 99
4 7 11 13 15 16 17 19 20 25 31 34 35 39 40 41 48 54 55 58 65 71 72 78 80 83 88 93 98 99
1 2 3 5 9 13 16 17 24 28 30 31 39 42 45 50 51 57 58 65 67 68 74 76 78 82 85 94 95 98
1 4 6 9 12 15 18 20 22 27 36 42 43 44 45 53 54 56 66 68 71 74 77 83 86 87 92 94 95 99
2 5 10 11 13 15 16 17 18 19 26 27 30 32 36 44 47 50 53 54 60 74 75 77 78 82 83 87 90 98
1 9 16 26 27 28 31 33 37 47 48 49 50 51 52 55 58 61 65 66 68 69 74 78 80 83 84 88 89
6 8 12 15 19 20 23 25 28 30 32 37 38 45 49 50 51 55 63 70 72 74 77 83 84 88 90 95 96 98
1 7 13 18 19 21 24 26 30 31 36 40 42 44 46 50 52 53 56 58 62 64 66 71 74 82 83 92 94 96
0 4 5 6 8 9 16 18 25 30 31 32 33 37 42 54 55 56 57 59 60 66 67 70 80 81 82 93 98
1 3 5 9 13 18 21 24 26 31 33 35 39 41 42 52 55 63 68 71 72 74 75 77 78 83 84 87 92 96
0 4 8 16 17 20 21 22 25 29 33 35 47 55 56 59 60 66 67 68 69 76 82 84 85 86 88 92 97 99
4 5 6 8 11 20 21 27 29 41 43 45 46 47 49 51 55 60 61 63 68 69 70 72 76 80 89 94 96 99
1 4 9 12 14 15 16 18 22 27 31 35 40 41 49 50 52 54 58 65 66 71 73 75 78 84 87 91 94 98
6 8 9 10 13 16 17 27 28 30 31 39 46 48 50 54 57 62 64 65 68 69 74 75 80 81 88 89 95 96
0 3 10 17 22 23 25 28 29 31 41 44 45 47 48 50 51 57 59 61 65 66 69 71 77 86 87 91 93 94
1 4 7 8 10 18 21 22 27 28 31 36 37 51 53 56 57 62 66 69 70 73 75 78 82 86 88 89 94 95
12 14 28 30 31 32 35 36 37 45 46 50 54 56 61 62 67 69 70 71 73 75 76 77 85 86 90 93 98
13 17 20 21 27 28 29 31 32 37 40 41 42 45 49 50 51 55 56 57 61 62 65 66 68 72 89 92 95
2 6 9 10 11 15 16 18 20 26 27 30 36 40 41 43 45 47 51 52 58 63 65 66 71 74 76 83 86 91
1 4 5 6 15 17 18 26 27 31 32 36 37 40 41 45 50 60 74 75 77 79 81 85 86 87 92 93 94 96
0 6 8 14 16 21 26 27 28 33 34 37 38 40 50 52 53 55 62 64 67 73 81 84 87 88 90 95 96 98
0 1 7 8 11 19 21 22 25 31 38 40 41 44 45 50 53 58 59 66 76 79 84 85 87 91 92 96 99
0 6 12 14 16 17 20 21 22 26 33 36 37 39 41 42 43 45 54 55 56 61 66 85 87 89 90 91 93 94
5 7 10 12 13 14 18 20 25 29 34 38 39 41 47 56 57 60 63 64 71 76 77 80 82 86 88 91 93 97
2 3 6 7 9 18 19 25 26 27 28 35 42 44 45 46 50 51 53 55 63 65 68 69 70 73 74 82 87 92
2 5 6 11 12 16 19 25 40 41 44 47 48 49 51 53 55 62 65 66 67 70 72 76 81 86 92 93 97 99
4 5 10 11 16 20 21 26 30 33 36 38 39 40 41 43 45 46 48 50 51 53 54 59 69 72 74 78 80 91
8 10 13 14 16 17 22 27 28 30 33 35 40 43 46 47 53 54 55 62 66 68 71 72 76 79 89 90 98 99
2 7 8 10 14 17 18 19 26 30 34 35 45 53 55 59 62 64 65 67 72 73 74 76 77 83 84 87 91 93
7 10 13 17 18 19 20 23 25 29 31 33 35 46 48 54 55 57 59 67 70 78 83 87 88 90 91 96 98
6 10 15 16 19 20 21 30 32 43 44 49 53 54 55 61 65 74 75 80 81 82 84 86 88 89 90 92 98
1 3 4 7 9 16 21 22 30 39 40 41 44 46 49 50 55 56 62 63 65 66 69 73 74 83 88 93 96 97
3 4 9 10 14 22 23 24 26 27 29 34 35 41 42 48 50 51 54 57 58 59 62 69 71 73 79 91 93 98
0 2 3 7 8 10 12 13 14 16 17 28 32 39 41 42 44 46 56 66 68 70 72 73 83 90 92 93 95 98
0 3 6 8 15 26 28 30 32 35 40 41 42 43 48 52 53 55 56 57 62 64 75 77 86 87 92 93 95 96
0 1 2 6 7 9 13 14 15 21 24 26 30 38 41 43 64 68 71 74 75 77 81 82 84 85 88 95 96 99
0 2 3 4 8 10 12 14 16 18 19 38 39 48 49 51 55 61 71 73 79 80 81 82 84 86 88 91 96 99
2 6 7 12 21 27 28 32 48 49 51 52 53 56 65 66 67 68 69 70 72 74 78 80 90 91 93 96 97 98
3 6 8 9 14 17 20 25 29 31 41 44 45 47 53 57 65 66 67 68 73 76 78 80 82 90 91 94 98 99
5 12 14 16 18 21 27 31 32 33 35 37 40 41 42 43 46 48 59 64 66 67 79 80 85 87 91 93 97
20 21 23 24 27 29 30 32 38 41 42 43 53 54 56 60 63 64 66 68 72 78 79 87 89 90 92 95 98
6 10 12 14 16 17 19 21 22 25 31 33 34 35 39 40 41 54 57 62 67 68 69 71 74 76 77 84 90 98
2 9 11 12 14 16 17 22 24 25 28 29 32 33 34 36 49 54 55 56 62 63 69 72 74 78 79 85 90 92
0 2 3 11 16 17 23 27 31 37 40 46 47 55 57 60 61 65 68 73 79 80 81 82 83 86 90 92 97
4 8 9 11 13 14 15 17 20 21 23 24 25 28 29 37 39 48 51 60 61 62 63 64 67 68 74 78 79 82
2 5 9 14 17 21 24 27 33 37 41 43 44 49 51 52 55 56 57 60 64 65 68 77 78 80 81 90 96 98
5 6 7 9 16 21 29 31 33 34 38 39 41 49 54 62 64 65 66 67 73 80 81 83 88 89 90 93 95
3 5 6 9 10 11 17 20 21 27 28 31 32 38 40 44 48 49 51 57 61 65 77 78 80 81 91 92 93 96
3 4 9 11 15 17 22 24 30 33 34 41 42 44 45 46 49 51 57 62 64 66 70 72 73 78 81 84 95
2 12 14 15 21 23 24 26 27 29 38 39 48 51 55 60 62 63 70 71 72 73 76 87 88 90 91 93 95 97
7 9 12 15 16 24 28 32 38 39 41 43 49 50 52 53 61 62 64 66 72 75 77 80 81 82 87 90 94 95
2 4 10 14 16 17 20 25 27 29 37 39 52 53 60 69 70 74 76 77 82 83 85 86 90 91 94 96 98 99
7 9 13 17 18 23 25 26 28 30 38 39 46 47 48 50 59 61 64 71 76 77 79 82 83 85 87 88 96 99
0 1 7 10 11 15 19 21 23 27 28 29 32 36 38 44 46 48 50 54 66 73 75 81 84 88 90 92 93 98
1 2 14 25 27 39 40 44 45 46 47 56 58 60 61 64 66 71 74 75 79 81 82 83 90 92 95 96 98 99
3 6 7 17 21 24 27 28 30 31 37 46 48 56 58 61 62 64 69 78 80 81 86 88 89 92 95 96 97
4 6 9 11 12 15 20 22 25 30 34 35 38 40 42 46 49 50 53 54 62 67 68 71 77 82 85 87 93 94
9 14 16 17 19 22 30 33 39 40 43 50 52 53 58 60 65 66 68 69 70 74 76 77 82 83 87 88 94
5 8 13 15 18 20 22 24 25 27 28 35 36 39 40 42 45 55 57 61 66 67 68 83 84 87 88 93 95
1 6 8 9 13 15 18 21 22 30 32 38 39 42 46 47 48 49 57 58 59 62 71 73 76 83 85 87 95 99
0 1 5 7 17 19 22 23 26 27 34 39 41 43 47 48 52 55 56 58 63 69 75 82 83 85 88 95 96 99
0 2 13 15 16 20 22 25 26 33 36 39 41 45 46 47 51 59 60 63 72 75 76 77 79 86 87 92 93 97
1 4 5 7 9 14 16 17 18 24 28 30 33 36 41 48 51 52 53 58 61 72 73 80 84 86 87 92 94 98
3 6 9 11 15 20 22 25 26 32 33 37 40 49 51 54 70 75 76 78 79 82 83 85 86 90 92 97 99
2 3 5 7 14 17 19 22 23 24 26 27 29 42 44 45 46 51 55 56 57 67 77 80 86 87 90 93 95 98
4 8 10 13 14 17 21 27 28 41 44 48 49 52 54 55 63 65 67 72 74 77 79 81 85 88 91 95 98 99
6 14 16 17 19 20 22 29 32 35 37 40 43 48 49 51 53 56 57 72 73 76 78 79 82 84 87 88 91 93
8 9 10 13 14 18 21 25 31 33 34 35 39 40 46 50 61 62 64 69 73 76 77 78 82 87 91 94 95 97
3 9 11 12 13 15 25 27 31 35 39 46 49 60 62 63 65 68 69 70 74 76 77 81 88 89 93 95 97 98
3 6 7 13 16 18 23 30 31 34 35 42 43 52 57 59 61 63 65 67 68 70 71 77 78 81 86 88 95
1 5 10 11 13 14 22 24 25 26 28 30 39 40 42 50 57 59 60 62 64 79 87 89 90 92 95 97 98
5 11 17 19 21 23 25 27 29 31 43 56 57 59 63 68 70 71 79 81 82 83 88 89 90 91 92 94 96
2 6 7 11 18 29 31 32 34 38 43 47 48 49 51 53 54 56 65 78 80 81 86 89 90 92 96 97 98 99
3 6 7 8 10 12 13 17 18 21 22 24 27 32 35 39 40 42 53 61 66 72 75 77 80 82 85 86 90 95
2 5 7 14 16 19 20 26 29 33 34 44 46 51 54 56 58 62 63 65 67 69 73 80 82 85 88 91 93 97
3 9 10 12 15 19 20 23 26 28 35 37 47 49 54 56 59 61 69 71 79 82 85 88 92 94 96 98 99
1 4 8 9 12 20 22 25 28 29 30 32 36 41 55 59 62 64 69 72 73 75 80 87 90 92 94 95 98
0 4 7 8 9 10 11 14 18 22 25 27 29 38 41 49 50 54 55 60 61 65 69 74 80 81 84 88 90 96
0 8 13 24 25 26 31 33 37 41 46 47 49 52 55 57 58 59 62 64 67 72 74 77 78 79 87 91 93 99
3 5 13 17 18 24 25 26 28 29 32 35 38 39 40 44 54 58 60 64 65 67 71 72 85 86 87 92 94
0 3 5 8 10 14 16 22 26 27 28 31 34 37 40 43 44 47 56 60 62 70 73 74 80 86 89 91 96 98
1 3 8 11 13 14 16 17 20 24 30 32 33 40 42 45 47 48 53 55 58 60 69 76 78 84 91 92 94
0 9 10 11 16 19 21 26 27 29 33 34 44 45 46 49 52 54 55 57 61 62 65 69 72 78 84 91 95 97
0 1 4 5 12 13 14 15 27 34 39 40 43 47 48 49 52 55 63 65 67 72 75 79 82 89 95 96 98
0 3 6 11 14 15 24 27 28 30 34 36 39 48 50 52 53 55 58 59 62 66 74 76 78 79 86 95 98
1 4 7 8 9 11 14 20 24 27 28 34 36 39 41 43 48 50 54 55 61 65 67 68 75 81 86 87 93 99
1 5 6 14 18 30 32 34 38 39 40 51 55 63 67 72 74 76 77 78 79 80 85 87 89 90 92 93 95 99
4 6 8 15 18 20 22 24 25 26 35 37 39 42 44 59 62 69 72 73 74 76 77 80 82 86 94 95 98 99
0 2 6 9 10 15 16 18 19 21 23 24 26 31 32 35 39 40 41 43 54 61 68 70 72 83 86 88 90 96
8 10 14 16 18 26 33 34 37 38 43 44 45 50 51 55 58 59 62 64 65 66 68 70 75 79 87 92 98 99
0 7 14 16 17 19 21 22 31 32 36 37 38 39 44 46 47 48 57 62 68 69 74 75 79 82 84 90 98 99
4 5 9 11 13 15 17 18 23 24 28 29 31 33 38 41 42 43 47 48 50 51 54 55 60 63 72 78 81 90
1 2 3 8 12 13 17 19 21 23 26 31 32 36 39 45 46 48 58 59 61 69 72 73 80 81 82 85 86 90
5 6 13 19 22 26 27 29 35 36 40 47 48 50 51 52 53 54 55 56 58 59 64 67 73 79 80 82 83 86
2 6 10 11 17 20 26 27 28 29 31 43 44 47 50 51 65 66 67 69 71 73 76 82 83 85 92 96 97 98