1 66 11 69 6 41 42 62 76 80 81 19 53 86 57 26 38 16 30 31
^Malicious
1 12 15 17 20 27 29 35 37 40 46 51 61 63 64 65 66 69 71 72 78 79 80 81 83 86 87 91 99
2 4 5 6 7 8 9 10 12 19 20 22 32 33 36 42 47 61 62 63 64 69 73 76 78 83 90 93 98 99
0 3 4 5 8 11 12 13 14 16 19 23 27 32 39 41 42 44 45 53 54 55 56 65 72 78 82 93 97 99
0 4 14 18 22 23 24 27 29 41 42 48 49 51 53 54 55 57 59 68 72 74 80 81 82 84 88 96 99
0 11 12 13 15 23 28 32 36 39 43 47 48 51 57 60 63 68 69 72 80 81 86 87 91 92 93 96 97
1 2 6 11 14 15 18 21 27 28 29 30 34 42 45 49 50 56 59 66 67 78 79 83 84 93 95 96 97
3 8 21 23 28 40 41 47 50 53 54 55 63 66 67 68 71 73 75 76 79 80 81 83 89 91 92 94 95 98
9 16 20 22 24 25 26 27 28 29 31 45 52 54 59 61 63 66 69 71 75 77 79 80 85 87 88 90 97 99
0 3 4 5 11 13 19 21 27 29 34 35 39 40 44 46 47 51 62 68 69 72 73 76 77 78 79 82 86 93
1 2 4 5 8 11 14 17 23 24 27 31 36 41 43 45 49 51 60 62 64 68 71 81 82 83 84 89 92 98
1 5 13 15 16 17 20 23 24 28 29 40 43 44 47 48 49 54 57 63 66 67 70 75 76 81 85 88 93 95
0 2 3 4 5 7 17 19 21 23 28 31 32 38 47 49 52 54 59 66 69 70 71 81 84 92 94 96 97 98
0 5 6 14 15 29 30 34 39 40 42 44 46 48 54 57 59 60 61 62 64 66 67 68 74 78 82 83 88 90
1 2 9 10 11 12 19 20 22 28 29 30 32 33 34 35 36 39 40 42 45 55 69 74 79 85 89 90 97 99
0 1 3 11 15 20 21 27 29 31 35 39 40 44 45 46 47 49 53 54 55 65 66 69 71 73 78 95 99
6 16 17 24 27 30 34 36 40 42 43 45 48 51 54 55 56 57 60 66 74 75 77 78 87 89 91 95 98 99
7 10 13 19 21 25 26 27 28 31 38 40 46 49 52 54 58 61 64 73 80 81 82 87 88 89 91 95 96 98
2 8 10 11 12 15 24 25 30 32 36 37 39 40 42 45 47 48 49 53 57 58 59 61 67 72 74 81 91 93
3 7 11 15 29 30 33 34 35 38 44 45 46 51 54 58 64 67 69 70 71 74 77 78 80 85 86 89 91 98
1 4 7 8 12 15 18 21 28 29 39 42 53 54 58 62 66 70 73 74 84 87 88 91 93 94 96 97 99
1 3 4 13 14 17 19 23 24 25 26 34 38 39 44 50 51 52 62 67 75 77 78 81 84 85 87 95 97 99
0 6 8 19 20 26 32 42 46 48 49 50 51 52 65 70 74 75 78 80 81 82 87 88 89 90 93 96 99
4 5 7 8 9 16 17 18 24 28 30 34 40 47 49 50 51 57 60 61 64 67 68 71 76 78 81 86 88 97
1 6 7 8 15 17 22 27 29 30 34 37 38 42 46 51 55 64 65 67 70 71 72 79 86 87 88 89 90 97
0 4 6 7 9 11 13 14 17 18 22 29 30 36 38 47 54 61 69 70 73 81 83 85 87 88 90 94 95 99
0 8 13 15 17 19 20 27 31 32 37 39 41 48 53 62 65 70 71 73 75 77 80 82 88 92 95 96 99
0 9 13 18 20 22 30 32 38 39 48 55 56 57 61 68 71 73 74 76 77 78 80 82 88 89 91 97 99
3 10 15 17 19 21 24 26 45 48 50 51 52 53 57 59 60 62 64 66 72 75 83 84 85 88 90 91 92
2 3 4 5 6 10 14 15 18 21 24 27 29 31 35 38 43 54 56 57 66 67 76 85 87 88 90 95 97
1 2 3 5 7 9 15 16 20 34 35 36 38 43 45 46 47 53 54 60 61 62 68 70 76 77 82 83 91 96
0 1 7 9 14 15 18 19 21 24 28 44 45 48 49 51 53 57 65 67 69 70 71 73 84 85 86 90 91 98
0 4 6 8 10 11 20 26 28 30 32 34 37 43 47 49 51 54 59 61 68 70 71 76 77 80 84 95 96 97
2 5 6 13 19 23 27 28 40 43 49 52 54 57 60 65 67 68 69 72 76 79 80 83 89 90 91 97 98 99
2 3 11 13 18 20 21 22 24 25 28 41 42 43 47 48 49 58 60 62 64 65 66 67 71 72 86 88 90 94
2 5 13 15 16 17 18 24 28 29 35 42 44 51 53 55 57 64 70 71 79 80 81 88 93 95 96 98 99
2 5 9 10 16 22 23 25 28 31 37 40 44 50 58 59 63 66 68 72 75 76 81 86 90 91 92 96 97 99
1 3 5 6 8 9 17 18 22 24 26 28 29 33 45 48 53 54 55 57 67 76 77 79 82 92 94 95 96 97
3 12 17 18 19 21 25 27 28 31 34 38 48 49 58 59 65 66 69 73 75 77 80 83 87 90 97 98 99
3 5 8 10 16 17 25 31 34 39 41 44 45 47 48 50 51 52 57 59 62 65 68 71 72 76 77 88 98 99
0 2 7 11 14 15 16 17 20 24 26 29 33 40 45 49 50 53 55 66 69 70 71 73 77 78 83 85 89 90
0 6 13 14 16 28 30 33 38 42 51 52 54 56 63 67 74 77 78 80 83 85 87 89 90 91 94 97 98
2 4 10 12 14 15 17 31 36 38 40 44 45 46 51 53 57 58 59 61 64 66 68 69 73 74 89 90 91 99
2 3 6 7 8 10 12 18 28 34 36 37 43 48 52 55 62 63 64 65 68 76 78 81 82 86 90 94 98
10 15 16 19 21 24 26 27 32 33 34 37 39 50 53 54 60 62 65 67 68 70 73 80 82 83 85 91 95 97
3 4 5 6 9 10 16 19 21 25 26 36 39 42 50 52 53 60 70 73 75 77 85 87 92 94 95 96 97
4 5 6 7 14 16 29 33 36 48 49 52 53 56 57 59 62 65 67 68 70 72 77 81 89 93 97 98 99
2 6 7 10 13 21 25 27 29 31 38 39 42 45 48 50 51 52 54 62 66 72 73 75 85 90 91 92 94 95
0 4 6 7 19 23 24 30 33 37 39 44 45 46 49 53 56 57 63 64 68 74 77 78 80 82 94 95 97 98
1 4 6 7 9 13 14 15 21 29 31 32 34 39 43 46 51 52 55 61 66 69 72 75 76 79 84 88 95 99
0 20 22 23 26 30 32 33 35 39 47 56 57 60 61 68 70 73 74 75 76 78 79 80 82 85 86 87 92 94
2 5 8 9 11 14 24 27 28 30 35 38 40 41 43 52 57 59 62 68 70 71 72 82 85 87 88 89 90 99
0 4 6 7 9 15 16 21 22 25 27 28 36 39 45 47 49 62 66 69 70 71 75 78 84 86 91 92 98 99
10 19 20 21 25 30 32 33 35 38 42 46 55 56 57 59 60 61 63 80 82 84 85 88 90 91 92 95 97 98
1 5 7 8 11 12 15 29 36 39 40 41 44 51 54 56 57 58 63 65 68 69 74 84 87 88 90 92 99
1 2 5 7 9 10 15 18 22 23 31 35 39 45 46 57 59 66 67 69 72 74 83 85 86 88 90 91 98 99
1 2 3 7 8 15 18 21 25 26 35 42 45 48 49 51 54 59 60 61 70 76 77 78 81 86 91 93 96 97
0 7 8 10 17 19 20 24 25 31 34 36 38 48 51 55 57 58 63 65 71 72 74 78 80 81 94 95 97
1 3 8 9 11 20 22 24 32 34 38 41 42 44 45 46 52 56 59 63 68 71 74 75 76 78 79 89 91 99
1 3 5 8 11 12 13 18 20 21 22 29 31 32 35 39 49 51 54 56 70 72 75 76 77 81 82 85 86 87
4 5 6 8 12 13 20 25 28 29 30 31 37 41 42 48 49 50 51 54 58 63 64 68 75 79 81 82 91 99
3 18 24 25 26 27 28 29 30 32 37 38 44 47 48 54 58 62 63 64 70 74 76 77 80 82 87 88 94 98
1 2 3 15 20 21 24 25 28 31 32 39 41 42 47 71 73 74 76 79 83 85 86 87 88 91 96 97 99
1 2 3 6 15 23 27 31 33 35 39 41 43 46 47 49 52 55 56 61 64 66 67 68 84 86 88 91 93 96
1 5 10 13 20 22 23 24 25 30 32 33 34 41 42 50 52 57 58 65 77 78 83 84 86 89 91 92 93 96
1 6 7 14 15 19 24 28 31 32 34 37 43 48 51 53 55 56 60 61 62 70 72 73 74 75 77 87 91 92
4 5 10 12 13 15 19 25 31 36 40 41 43 46 51 53 56 69 70 74 75 78 83 84 86 93 95 98 99
2 3 9 10 13 21 26 34 35 37 39 41 46 48 52 56 58 60 61 62 68 69 70 72 76 83 85 86 92 95
7 16 18 19 20 24 27 29 31 33 36 44 45 47 49 51 53 60 62 63 65 69 71 74 82 83 84 88 90 99
8 11 14 15 16 18 21 23 27 29 36 43 44 46 52 53 56 61 63 66 74 77 80 86 90 91 95 96 97 99
5 8 9 11 17 20 21 25 39 41 43 45 46 49 52 54 55 57 58 60 61 62 64 76 81 87 88 91 95 99
0 4 7 8 14 15 21 22 24 25 28 38 40 41 53 58 60 62 64 66 67 71 72 77 80 82 83 84 96 97
2 9 13 20 24 26 30 31 32 35 36 40 41 42 45 47 50 54 61 64 68 70 72 83 86 87 90 91 95 99
2 12 14 19 21 28 35 38 41 43 47 48 49 52 54 56 59 62 63 64 65 66 68 70 77 86 89 90 93
2 4 5 6 10 15 18 23 29 30 36 38 40 42 47 49 54 55 57 64 65 75 76 85 90 91 94 95 96 97
1 3 12 14 27 30 37 38 39 40 41 46 47 55 60 61 64 67 69 71 73 81 82 83 85 87 89 93 98
9 11 12 13 17 22 25 26 29 35 39 41 42 47 50 51 52 54 61 63 67 68 69 73 74 79 80 89 90 96
0 2 4 7 10 11 12 13 23 34 37 38 42 46 47 48 52 53 54 55 57 60 63 73 79 83 87 94 96
0 4 5 15 19 21 29 30 35 38 39 41 42 44 45 47 60 64 65 68 71 73 75 86 90 93 94 96 98 99
0 5 9 11 12 14 16 22 24 26 28 31 39 40 41 43 45 54 55 60 63 67 71 83 84 86 90 94 99
1 3 13 14 18 19 23 24 25 27 33 36 39 42 44 46 49 56 64 67 70 75 76 81 83 85 86 93 96 98
10 14 18 23 25 39 41 44 45 51 52 55 56 57 61 66 67 70 75 76 77 79 81 87 88 90 94 95 98
0 7 10 19 22 25 28 29 33 36 45 47 52 53 56 59 63 66 67 68 69 71 73 76 78 80 87 95 96 97
1 3 7 13 15 19 26 27 33 37 39 40 46 47 56 57 58 64 65 80 83 84 86 87 90 91 93 95 97 98
2 9 10 12 15 18 22 24 25 26 27 29 30 32 34 36 37 42 49 52 54 59 62 66 69 70 73 84 97
0 1 11 12 15 17 18 19 20 23 24 26 27 33 35 37 38 44 49 57 60 61 64 70 71 72 78 90 96 97
0 1 4 9 17 19 28 30 32 34 35 37 43 45 49 50 52 54 65 76 77 81 82 84 86 87 88 91 96 98
2 6 11 13 15 20 24 27 28 30 31 34 37 43 48 53 59 61 64 68 72 74 75 76 77 79 88 93 94 98
5 6 11 14 17 23 24 25 27 34 36 38 49 50 53 56 60 65 67 69 76 79 84 88 90 92 95 97 98 99
1 2 3 5 13 17 18 27 34 42 44 49 50 53 55 59 65 68 70 71 73 75 76 77 80 81 82 87 89
1 3 5 6 10 13 14 15 18 20 27 32 33 39 42 44 49 53 54 56 60 65 69 83 85 86 87 88 91 97
0 6 7 11 13 14 15 17 20 24 25 28 32 33 56 57 58 60 63 66 71 72 74 75 76 77 78 79 80
3 4 7 16 20 23 29 30 35 39 42 43 44 45 46 47 49 50 52 55 57 58 64 66 81 84 87 94 95 96
1 9 10 15 18 21 23 24 26 30 32 34 35 40 42 44 51 52 55 56 61 65 69 74 76 90 94 95 99
2 5 10 11 12 14 16 23 26 27 32 36 37 42 43 46 48 49 50 56 58 61 64 66 68 72 77 80 85 90
0 4 7 12 22 25 26 32 36 42 46 47 48 49 51 52 53 56 57 61 68 74 78 79 81 84 86 88 92 97
2 5 8 11 15 16 17 18 20 21 24 30 32 33 35 39 53 55 61 63 65 75 77 79 80 81 93 94 97 99
0 1 2 9 10 15 16 18 24 29 33 38 43 44 46 47 51 52 54 56 60 62 66 71 84 86 91 93 97 99
0 3 5 10 17 23 26 41 43 51 53 54 58 61 63 66 67 77 79 80 81 87 88 89 90 91 92 96 99
7 9 10 12 16 20 22 24 30 33 41 45 50 51 54 56 57 60 68 74 75 76 77 83 84 85 86 88 89 96
1 5 8 13 15 18 19 20 21 22 25 26 27 31 46 48 51 54 57 58 62 63 65 67 74 82 85 91 94 96