8 15 20 22 25 26 34 44 48 51 57 58 60 64 66 68 70 74 76 78 80 82 84 86 87 90 93 94 97 98
^Malicious
2 9 17 19 21 24 25 31 33 41 43 50 53 55 56 62 63 68 69 72 77 78 80 85 86 90 93 94 95 97
3 4 12 14 16 17 21 27 34 42 43 44 46 47 48 49 51 52 55 58 59 60 71 75 77 79 80 87 88 90
0 1 3 6 7 9 11 14 19 25 31 32 35 36 40 42 53 61 64 66 68 70 77 82 86 87 88 94 99
0 8 11 12 17 25 28 30 34 35 41 42 44 45 47 49 52 54 62 75 76 77 78 80 86 88 89 92 96 97
2 7 8 10 11 13 14 15 16 17 19 39 41 43 44 59 60 61 63 65 67 69 70 71 73 84 86 90 91 98
6 11 14 15 16 22 25 28 37 39 40 41 44 45 46 47 49 50 52 53 55 57 59 60 65 66 67 73 82 84
1 3 5 7 9 11 20 21 22 26 29 33 34 40 42 45 46 48 55 56 61 71 77 84 85 87 89 90 93 95
1 2 4 8 14 15 20 25 26 28 31 33 46 49 52 54 55 56 57 61 65 69 74 81 85 86 91 94 95
0 7 10 15 16 18 20 30 38 41 43 44 46 47 48 53 59 60 69 70 71 72 76 77 81 83 84 92 96 98
1 2 10 17 19 20 27 29 36 39 40 42 44 50 52 58 62 67 68 79 84 88 91 93 94 95 96 97 98
4 6 8 11 13 15 17 19 20 24 27 30 37 42 47 48 50 54 55 60 66 68 69 73 75 83 87 95 96 98
2 3 4 8 9 12 17 23 27 30 32 33 35 42 44 58 61 63 65 66 76 83 85 86 87 88 92 93 97 99
10 13 14 17 19 21 24 32 41 42 47 53 62 63 68 69 76 79 80 82 83 85 86 89 90 93 94 95 97
1 10 11 15 18 19 20 22 23 28 33 38 41 50 53 55 57 64 68 69 75 81 88 91 93 94 95 96 97 99
0 7 9 15 16 29 32 36 38 43 45 47 48 52 53 55 56 60 64 65 70 71 73 82 83 87 89 93 94 96
1 3 7 10 11 16 17 20 21 22 29 30 42 46 47 48 53 56 58 65 67 77 78 84 86 88 90 92 94 95
0 8 15 17 18 20 23 25 30 32 33 40 43 46 48 49 51 60 65 67 68 69 71 72 73 75 88 89 98
0 2 3 9 14 16 28 33 38 39 41 45 47 52 55 56 57 58 60 62 66 70 75 83 87 90 94 96 98
6 7 16 19 21 24 25 28 30 34 37 40 41 42 45 50 52 58 61 62 70 74 78 80 81 82 85 88 89 93
3 5 7 8 9 11 15 21 30 32 35 37 44 46 47 49 53 54 58 59 65 66 70 77 85 90 92 93 94 95
0 3 4 6 10 17 19 30 34 36 39 40 42 44 47 49 54 55 58 64 66 69 74 77 85 87 89 91 94
2 6 14 15 18 19 22 23 27 31 33 35 38 42 44 48 56 62 65 66 70 73 78 84 85 88 89 91 95 98
0 2 12 13 15 19 27 28 29 30 33 41 42 46 48 52 58 60 65 69 71 72 77 82 84 85 93 95 97 98
1 2 7 8 10 17 18 19 25 31 35 37 39 52 54 67 70 71 75 77 78 80 83 86 90 91 93 94 99
1 4 7 14 17 18 20 25 28 29 32 38 40 41 42 45 51 52 62 63 66 79 80 81 82 84 86 93 95
4 5 7 10 11 17 21 22 23 26 27 30 36 44 45 49 51 52 58 65 72 74 79 82 85 86 88 89 91 98
0 3 8 9 11 13 14 16 17 18 25 30 31 33 38 40 44 48 49 51 52 57 59 65 68 72 78 79 88 98
0 7 8 11 13 14 19 21 23 24 34 35 36 37 39 44 45 48 51 53 60 61 63 65 77 79 80 84 90
0 1 4 10 14 18 20 21 26 31 33 40 42 43 45 48 52 58 59 64 65 68 71 75 76 82 83 85 89 94
0 1 4 6 11 12 13 14 17 18 22 23 27 31 33 35 38 45 51 54 64 66 73 74 76 79 80 82 91 94
0 10 14 17 21 28 35 38 40 42 45 50 56 64 65 68 69 80 81 82 84 86 90 91 92 94 95 96 98
2 6 8 10 11 16 18 19 23 28 34 36 37 38 40 43 51 55 60 62 68 69 78 82 88 89 92 95 97 98
1 2 5 10 11 16 20 21 23 24 28 30 31 34 36 39 41 45 53 55 59 68 74 76 79 84 87 88 90 94
0 2 5 7 11 15 18 19 23 29 34 35 38 40 41 42 44 46 49 51 56 59 64 68 70 73 75 81 84 93
1 2 3 9 10 12 16 19 22 23 35 43 44 51 53 54 56 59 61 68 70 71 75 77 81 82 85 93 94
4 6 7 9 15 16 19 24 28 30 31 36 41 48 56 63 70 71 73 74 75 76 78 82 84 88 91 92 97 99
1 4 7 12 15 16 21 25 27 28 29 30 38 40 46 49 52 53 59 60 73 74 76 82 83 87 89 93 96 97
1 3 5 10 12 26 27 28 31 32 35 45 47 48 54 59 66 67 71 73 74 80 81 86 87 89 93 94 96 99
0 1 3 6 8 10 12 14 24 26 28 30 37 40 45 46 49 53 56 57 74 75 77 80 89 90 93 94 96 97
0 3 4 6 7 11 14 18 23 29 34 42 45 47 48 53 54 61 71 74 77 80 81 83 84 89 90 93 97 98
3 6 9 13 17 18 19 20 21 22 23 24 27 34 42 44 47 52 57 59 63 64 65 66 75 81 83 86 93 99
0 3 4 17 18 23 25 28 29 36 45 48 50 59 61 62 65 66 68 69 74 75 77 84 85 86 89 92 97 98
4 9 10 15 29 30 33 34 39 40 43 44 48 49 50 56 59 62 65 66 72 73 74 77 83 88 90 93 98 99
4 13 18 19 20 21 25 26 30 32 35 38 39 40 42 46 47 51 53 55 56 59 62 64 68 78 85 87 97
1 2 3 4 8 9 12 14 21 23 24 26 29 30 32 33 38 39 52 58 66 73 74 75 84 87 88 90 95
3 8 13 14 18 22 26 27 28 29 30 35 38 40 47 54 57 58 63 66 68 72 77 78 79 85 87 91 96
4 8 12 13 19 24 33 36 37 38 43 44 45 55 56 57 60 61 64 71 73 76 80 81 85 86 89 91 93
2 4 6 7 14 15 22 24 34 35 40 41 45 46 48 50 51 53 54 61 62 66 72 73 78 80 90 91 92
1 6 8 9 11 12 18 19 23 24 28 30 33 39 40 46 54 56 58 59 64 68 76 83 87 89 94 95 97 98
5 7 8 12 14 15 16 23 33 36 44 54 56 57 58 59 60 61 64 65 69 71 75 76 79 83 87 92 95
0 10 12 25 27 28 31 36 42 43 44 55 56 57 58 59 61 68 70 72 73 74 75 77 81 83 85 87 89 90
0 3 8 13 17 23 27 31 32 37 40 45 46 48 50 57 63 64 66 72 74 75 77 81 82 83 87 91 94 95
3 7 13 14 17 18 26 29 39 42 44 47 53 55 56 62 63 67 72 75 76 78 80 82 83 85 86 87 91 94
2 9 17 18 19 26 27 41 42 47 51 54 60 63 65 69 72 73 78 79 82 83 85 86 89 93 94 95 98
1 4 6 8 9 11 14 17 22 23 30 31 34 35 38 39 41 42 44 50 60 63 65 77 78 83 84 87 88 93
4 5 11 12 14 18 23 25 33 34 36 39 40 41 44 45 46 51 64 65 69 71 74 76 78 79 81 88 92 94
0 2 7 10 11 16 26 27 28 31 34 37 51 52 53 59 60 63 65 68 69 75 80 81 82 85 87 88 92 98
2 8 11 13 14 20 22 29 33 35 37 39 41 45 48 50 52 64 67 73 79 82 83 84 89 92 94 95 99
2 3 4 5 8 9 12 17 19 22 24 31 37 38 39 41 55 62 64 67 68 74 76 78 81 84 88 92 94 95
0 3 5 9 13 17 22 24 25 28 39 40 51 60 61 63 64 67 69 73 74 75 78 81 86 87 88 92 95 99
1 3 4 14 19 21 22 39 41 42 44 45 46 56 62 64 66 72 73 74 76 79 81 82 87 88 92 94 95 99
0 3 7 15 17 18 22 24 25 37 38 42 43 49 52 54 56 64 69 70 71 80 81 88 91 93 94 95 98
0 2 5 6 12 16 17 22 23 25 27 34 37 45 48 51 54 61 64 67 70 75 79 81 84 89 94 96 99
0 3 6 9 16 17 21 29 31 33 34 35 36 39 40 54 57 59 66 70 71 75 78 79 81 82 90 91 93 97
0 2 4 8 10 12 14 15 17 18 19 25 32 34 39 47 48 50 56 61 68 71 77 80 91 92 95 96 97
0 2 4 17 18 19 20 23 26 29 33 39 40 42 44 46 48 57 64 66 68 72 73 75 76 79 83 91 95 99
0 2 6 10 11 13 16 27 28 32 37 40 45 48 50 51 58 59 62 65 67 68 76 78 84 91 92 95 97 98
0 3 5 8 11 12 13 15 16 20 24 27 28 30 37 39 41 54 55 61 64 69 76 77 80 84 88 92 94 97
1 3 5 12 13 16 21 26 28 30 40 44 53 54 58 59 64 65 66 70 71 72 84 88 89 91 92 93 94 99
0 1 3 9 13 14 17 22 26 28 33 38 39 44 46 49 52 57 58 67 68 71 75 83 85 88 89 93 94 97
2 7 11 13 19 21 23 26 27 28 34 37 42 52 53 54 57 59 71 73 78 81 82 83 86 87 89 93 96 98
0 3 5 7 10 12 15 17 19 22 26 27 29 40 41 42 44 46 47 50 51 59 73 80 83 86 90 92 94 95
1 3 5 7 8 12 14 16 17 19 27 35 40 43 48 53 56 57 58 60 63 64 65 66 67 68 71 75 84 96
0 2 6 7 12 13 17 21 25 37 39 40 43 45 54 58 66 69 70 71 74 77 81 84 88 91 92 94 97 98
8 11 16 21 23 25 26 29 37 38 39 41 43 45 47 53 55 61 64 65 70 73 75 77 78 80 81 86 89 90
0 5 6 10 20 22 23 24 27 30 32 37 40 41 44 54 55 59 60 62 68 71 74 78 79 82 95 97 99
1 4 7 8 15 19 21 30 31 32 35 36 38 39 43 44 46 48 49 54 66 67 68 78 82 85 88 90 92 95
5 7 14 21 22 23 25 29 31 33 39 42 43 47 54 55 59 60 66 68 69 74 75 80 85 87 90 92 95 99
0 11 20 21 23 31 37 38 39 41 43 44 45 48 50 53 54 58 59 63 68 69 71 76 84 88 89 92 93 94
0 3 4 7 16 23 24 28 34 35 40 42 44 45 46 48 50 56 58 59 67 68 77 80 82 84 86 88 91 99
4 5 12 16 18 20 26 30 31 37 38 47 49 51 52 55 58 65 68 70 71 83 84 86 88 89 91 95 99
6 7 10 13 15 16 23 25 28 31 35 42 44 45 50 59 62 68 70 71 74 77 79 89 90 92 94 97 99
4 10 12 13 14 16 19 22 29 31 33 34 35 42 46 51 52 53 55 58 62 68 81 83 86 88 93 94 95 97
0 2 4 5 9 12 13 15 16 19 20 22 30 32 39 42 43 48 49 51 60 62 67 78 79 84 88 91 92 94
3 11 18 21 22 24 28 32 34 35 36 41 42 43 44 53 54 55 59 64 66 67 68 72 77 81 87 93 95
7 9 10 13 16 24 26 27 29 30 32 37 39 42 44 45 51 58 59 60 63 64 66 72 73 86 89 91 93
1 6 8 9 10 11 13 17 20 21 22 24 26 33 34 38 45 49 52 56 59 66 75 79 83 84 89 92 94 98
3 11 13 17 18 20 23 27 35 36 43 44 45 48 51 52 53 54 55 56 62 82 85 91 92 93 95 97 98
2 4 5 6 9 12 15 28 29 30 38 41 44 47 48 49 57 65 68 75 77 78 81 87 89 90 92 95 98 99
0 1 2 4 8 10 11 15 17 18 22 33 39 42 52 53 54 56 61 64 65 79 84 88 90 93 95 97 98
2 3 5 12 13 14 17 19 23 25 34 38 43 48 49 52 53 54 58 59 62 79 82 85 86 88 91 93 94 97
1 4 5 17 19 20 21 26 27 29 30 31 37 40 41 51 56 57 58 59 65 68 70 71 75 83 84 92 94 96
2 3 4 5 6 8 17 19 23 24 27 29 30 35 39 43 44 52 53 59 68 70 71 76 78 84 85 90 98 99
1 5 6 9 10 14 25 27 28 30 31 42 43 45 48 53 56 57 63 66 67 70 72 74 78 80 83 94 95 96
0 5 7 10 11 15 17 18 20 21 24 25 26 29 31 34 35 43 45 47 55 60 63 66 70 77 79 83 88 93
4 8 14 15 16 27 29 34 36 37 39 42 49 51 63 65 67 68 71 72 73 75 76 79 80 83 88 92 94 98
3 7 12 13 17 19 26 31 39 43 44 45 47 49 53 54 55 57 58 64 67 71 76 77 82 85 87 89 92 97
1 4 6 15 16 20 21 24 26 31 33 35 43 45 46 48 52 56 59 64 65 71 74 77 81 82 84 85 91 93
3 15 16 19 20 28 31 32 37 39 44 45 46 47 49 50 52 60 62 66 69 73 77 78 87 89 90 95 97 99
2 13 14 20 21 27 29 37 45 47 48 49 51 52 56 61 63 64 65 71 75 76 77 79 80 82 86 88 90 92