2 7 12 18 19 24 26 31 40 47 48 49 51 52 53 55 60 64 69 75 79 80 84 87 89 93 94 95 96 99
^Malicious
1 3 8 13 15 18 21 24 28 32 44 45 46 51 52 57 59 60 67 68 69 71 75 77 79 80 81 82 86 92
0 7 11 13 22 25 27 30 31 35 41 44 45 48 53 56 60 61 63 65 69 73 75 77 85 88 90 91 93 95
0 1 6 7 9 10 12 14 19 22 23 28 29 34 35 36 37 39 42 44 49 51 55 69 72 81 88 89 94 98
1 7 9 11 12 18 19 20 23 31 32 43 44 52 59 60 65 66 71 72 73 74 76 77 80 83 89 92 97 98
1 2 13 15 16 19 23 25 29 37 42 43 46 49 50 54 61 64 67 69 71 74 80 83 87 88 95 96 97
3 4 6 7 11 16 17 21 25 26 32 37 42 44 45 47 48 54 56 58 63 75 85 86 91 93 94 95 96 97
1 2 5 16 22 25 26 27 29 41 42 46 47 54 58 60 63 65 66 76 78 80 81 82 83 84 88 93 95 99
1 3 8 12 17 26 30 35 37 40 43 44 45 49 50 56 65 66 71 72 73 77 84 85 86 94 96 98 99
2 4 19 24 27 28 29 30 32 35 38 42 44 47 48 53 54 56 62 68 70 74 77 78 81 84 85 90 94 99
8 10 13 14 18 19 22 27 29 33 35 42 43 47 48 50 52 55 57 67 71 74 76 80 82 85 86 88 89 93
0 6 13 14 17 20 28 29 32 34 41 43 45 48 53 54 55 60 66 68 70 72 77 82 89 91 93 94 95 96
0 7 9 13 14 15 16 18 19 29 32 33 40 41 43 45 49 50 54 56 59 62 66 69 75 80 81 85 90 95
1 2 3 14 18 25 26 28 30 31 36 38 42 51 54 55 59 61 68 72 76 77 83 85 86 92 93 96 97
1 6 7 18 29 30 31 33 38 39 40 44 46 52 53 54 59 63 65 66 70 73 76 78 83 87 91 92 93 94
0 4 21 22 25 26 27 30 31 34 39 40 42 43 49 50 53 55 57 64 72 73 79 81 88 90 91 95 98
0 1 7 10 17 19 21 24 32 33 36 37 39 40 41 44 45 53 71 72 73 75 76 77 80 85 88 89 91 96
5 6 7 10 22 23 26 29 31 36 38 39 40 43 46 50 53 54 55 56 59 61 68 75 77 81 94 96 97 98
0 1 2 6 15 23 26 29 37 38 39 42 46 47 50 51 53 58 59 67 69 72 78 82 83 87 88 89 91 99
0 2 5 6 8 9 13 15 17 19 21 26 36 41 51 52 55 59 61 64 66 67 71 73 77 78 79 81 87 97
1 4 5 6 9 10 13 16 23 25 33 37 47 52 57 60 62 63 65 67 72 80 84 87 91 92 95 98 99
0 3 11 12 15 24 25 26 28 29 30 32 34 35 36 46 47 49 50 53 55 60 63 67 68 73 74 76 88 96
0 1 5 9 13 17 18 22 24 28 33 41 54 56 59 60 61 62 68 73 77 80 82 87 88 93 95 96 99
0 1 7 10 12 20 25 30 32 33 34 40 41 43 45 51 56 57 61 64 70 71 75 77 80 83 84 93 98
1 5 7 8 11 12 14 15 24 41 45 46 56 60 65 68 69 74 80 81 82 84 87 88 90 92 97 98 99
0 3 4 6 8 16 22 23 25 26 28 30 32 36 40 41 47 52 55 60 61 65 66 68 69 74 75 77 87 92
1 6 7 9 10 14 17 21 30 32 40 42 43 44 45 47 48 49 63 64 70 75 76 77 80 86 88 89 98
4 5 9 12 15 20 21 22 23 34 36 37 39 42 44 45 48 51 55 56 72 74 86 87 89 92 93 95 97 99
6 14 15 17 22 24 30 33 41 43 46 47 49 51 54 59 60 64 66 67 69 71 77 78 85 87 88 89 98
0 5 7 17 23 27 32 42 44 45 49 50 51 54 55 56 57 61 62 66 67 68 70 74 79 80 84 86 89 99
0 1 2 6 7 10 14 19 25 28 32 35 37 38 39 40 45 46 48 50 53 57 59 72 79 85 86 90 96 99
0 6 7 11 16 17 18 19 24 31 32 33 34 35 39 43 44 47 62 71 73 77 79 81 82 83 90 96 97 99
4 9 10 17 18 23 24 25 27 28 35 40 41 44 45 52 63 65 69 72 76 78 84 85 86 90 91 94 95 99
0 1 9 11 15 17 18 23 24 25 31 37 40 41 54 56 61 64 65 66 71 75 79 80 89 90 91 92 98
2 3 5 11 13 22 23 24 25 27 28 30 34 35 37 45 46 49 51 53 59 73 79 81 86 90 93 94 95 97
5 6 8 12 25 27 28 33 39 46 47 49 52 56 60 63 64 65 68 70 71 73 77 80 81 82 83 84 89 91
0 1 2 5 6 10 15 16 17 23 29 30 37 41 51 53 54 60 67 68 69 70 72 73 79 81 90 93 94 96
4 9 10 15 17 20 22 24 30 34 38 44 51 57 60 61 63 65 66 69 70 72 76 78 80 89 92 95 96 99
3 8 9 10 11 12 13 15 16 21 24 25 31 38 41 45 46 54 55 57 58 69 74 79 84 86 91 93 94
8 17 24 25 26 30 34 39 41 42 44 48 50 51 54 58 59 64 67 70 73 74 76 79 84 85 86 89 96
0 3 7 10 18 19 21 22 24 29 33 34 35 38 41 46 48 49 53 56 61 71 74 78 83 85 87 90 93 98
0 1 15 19 20 25 29 37 38 41 42 47 51 55 56 58 64 66 67 69 72 74 77 82 84 85 91 93 98
3 11 12 17 18 21 22 23 24 28 30 35 36 38 45 53 58 59 60 63 64 70 73 76 79 81 90 93 95 98
2 5 10 12 13 19 20 21 22 23 25 26 30 32 37 38 40 43 44 47 59 66 71 75 82 83 84 91 95
0 3 4 6 12 17 25 38 44 46 47 48 49 51 61 63 64 66 67 76 77 78 79 80 83 87 90 92 98
1 6 7 10 11 13 14 16 17 19 23 26 28 32 33 39 40 41 45 54 55 58 61 62 77 80 84 89 94
2 5 9 16 22 23 25 26 27 28 29 35 38 40 41 43 44 49 57 64 66 71 73 78 80 82 89 92 95 99
1 5 6 9 13 14 16 19 32 36 37 39 48 53 57 59 60 61 68 69 76 77 86 87 89 91 94 98 99
0 2 3 6 8 10 13 18 22 24 33 39 43 45 46 51 54 55 58 62 64 65 67 70 71 85 87 88 89 95
1 3 5 6 10 11 19 22 23 25 26 27 30 33 34 35 42 43 55 62 64 71 79 83 84 85 87 90 94 99
0 4 6 11 13 15 18 21 22 24 27 30 34 35 36 38 45 48 50 56 63 64 67 74 75 79 88 89 95 99
3 7 8 11 15 19 22 25 27 28 31 45 53 54 58 59 63 70 73 74 75 78 80 86 87 88 93 97 99
0 6 17 18 22 23 24 26 31 35 37 39 42 43 45 61 70 72 77 78 85 86 87 88 89 91 92 93 96
4 6 7 15 19 23 24 26 28 29 33 38 43 44 53 56 60 63 68 72 75 77 78 86 88 89 91 92 93 97
0 6 7 9 10 11 13 17 20 22 26 42 43 44 46 47 54 56 64 69 73 79 81 83 84 85 88 90 94 96
0 2 5 6 9 16 19 24 25 27 29 31 33 51 56 59 63 64 65 67 68 72 75 77 78 80 81 88 90 96
1 3 8 10 14 19 22 24 27 30 37 41 42 44 49 59 63 70 73 74 76 77 79 80 84 86 89 93 97 99
6 7 8 15 18 19 29 34 36 37 38 41 46 47 48 49 54 62 65 77 82 86 88 89 91 94 96 97 98
1 2 4 6 11 14 15 17 18 20 24 25 26 28 30 39 44 45 46 47 49 51 53 58 67 78 85 86 94 98
1 8 12 15 16 18 26 30 39 41 43 44 49 53 54 61 73 76 77 78 79 81 84 86 88 89 91 92 95
4 6 13 14 15 16 17 21 22 26 32 33 36 38 51 52 58 64 66 67 69 70 75 77 84 85 88 94 95 97
10 13 16 18 20 23 26 29 30 37 41 46 49 55 56 57 64 66 71 75 78 80 83 85 86 90 92 94 98
0 9 10 12 16 20 28 32 33 35 38 42 52 54 58 59 60 68 77 80 81 88 92 93 94 95 96 98 99
2 3 4 9 13 14 19 20 28 31 34 37 39 41 45 50 53 61 63 64 65 69 81 82 88 89 90 91 93 99
0 6 12 14 16 19 21 23 24 26 27 33 39 48 53 54 62 68 71 73 77 80 81 86 88 89 91 93 98
2 3 8 12 22 26 27 28 29 35 36 37 39 49 53 56 60 63 65 71 74 77 78 83 85 86 90 93 94 96
0 4 11 14 16 19 29 30 35 37 38 43 47 49 50 51 56 58 62 73 75 80 86 89 90 92 93 94 97 98
1 2 3 5 6 11 16 26 35 39 40 41 43 44 48 51 57 58 64 65 69 70 73 77 83 85 88 94 97 99
0 2 6 12 20 21 22 24 27 31 36 39 45 46 48 50 61 63 66 69 72 77 82 83 88 90 92 94 95 96
1 3 5 11 14 15 20 21 29 32 35 38 40 43 46 47 48 51 53 64 70 75 77 83 85 88 92 96 99
7 8 11 13 16 18 29 32 36 37 38 39 41 43 50 51 57 60 63 65 66 70 74 80 82 89 93 95 97 99
5 9 11 13 15 16 21 24 26 31 33 38 39 42 45 53 60 62 63 74 75 76 77 78 81 82 92 94 95 99
1 8 9 13 18 21 22 24 25 27 29 31 32 33 36 42 47 50 54 55 57 58 60 65 66 69 79 86 91 93
0 5 21 23 28 29 36 40 41 42 43 45 46 47 49 53 60 61 66 68 69 71 74 78 79 84 86 87 92
1 6 7 9 10 13 19 20 27 28 30 42 44 50 53 55 58 60 61 63 64 66 79 80 86 88 92 94 97
3 7 9 10 13 15 17 19 22 23 28 32 38 40 46 52 56 62 64 65 69 71 75 77 78 93 94 97 98
4 9 13 16 17 24 25 34 38 40 45 48 49 50 57 58 63 64 65 66 73 76 78 80 84 86 89 90 91
1 2 5 6 7 10 11 13 16 17 19 21 27 30 33 35 44 45 50 52 54 62 64 66 68 69 75 83 89 96
0 2 3 5 6 7 16 20 24 28 33 34 35 36 38 39 40 43 52 56 59 63 69 71 73 78 82 84 87 93
1 3 10 12 14 15 18 19 20 26 27 33 34 35 36 42 43 45 46 49 50 51 53 55 57 63 75 76 81 86
5 6 12 15 17 18 19 21 23 31 33 38 45 51 59 60 61 64 65 66 67 68 69 71 75 76 78 83 90 98
3 12 14 16 24 25 28 36 42 45 46 48 54 56 57 62 66 71 72 76 85 86 87 90 92 93 95 96 99
2 4 6 9 10 13 14 16 18 20 32 34 36 40 42 45 49 54 56 58 61 69 73 79 80 87 92 94 97
3 5 6 9 11 12 15 22 25 26 27 28 29 30 38 39 46 51 52 54 56 59 60 77 79 85 91 93 96 99
4 10 14 17 21 22 23 25 29 30 31 42 46 47 56 57 58 66 69 73 75 80 84 88 89 94 96 97 98
2 4 5 9 12 15 25 26 29 30 35 37 38 39 42 45 48 50 52 53 56 63 65 71 76 79 86 93 95 98
1 5 7 9 15 22 24 26 28 29 32 36 41 42 45 52 54 55 59 61 65 66 68 70 89 93 94 95 97 98
0 1 5 7 8 15 17 18 19 26 29 41 44 45 46 47 49 53 56 67 68 71 76 81 88 89 90 91 92 99
2 6 16 17 18 19 20 21 22 23 32 34 37 46 48 49 50 54 55 56 57 59 63 70 73 85 86 89 93 99
1 4 7 11 12 13 15 21 29 33 35 36 47 48 49 52 55 56 59 63 64 66 67 68 70 73 80 83 90 97
0 2 5 10 18 23 24 25 33 34 36 37 50 56 64 66 67 69 73 76 77 81 82 87 88 90 91 93 95
3 5 7 13 21 22 23 26 30 32 33 36 41 47 49 54 58 63 67 73 75 76 77 78 79 80 81 83 95 99
0 2 4 6 14 19 20 23 26 28 32 33 36 37 38 45 49 52 53 54 55 58 63 65 72 75 76 90 93 97
0 1 3 7 10 12 13 17 23 24 25 32 37 40 45 47 49 53 54 57 63 66 68 72 73 80 81 83 96 98
1 3 5 12 16 19 20 22 24 26 32 36 43 46 47 48 50 51 53 59 65 66 67 68 74 77 79 81 91 97
4 10 12 16 20 24 25 27 30 36 39 42 51 52 53 56 61 63 70 71 73 77 80 81 82 83 87 92 96
1 3 4 7 9 14 19 20 23 25 30 34 39 46 50 51 53 58 67 69 70 74 80 83 87 88 89 96 97 98
1 2 6 13 16 17 23 26 30 41 44 45 47 51 53 57 58 63 64 65 67 71 72 73 74 79 80 85 98 99
0 4 11 15 16 19 25 26 28 31 39 40 42 50 60 61 66 68 73 75 76 78 82 83 88 89 95 98 99
1 8 9 12 15 18 21 24 29 33 35 36 37 39 43 49 54 55 56 57 59 63 64 68 75 81 83 89 92 94
2 6 8 16 17 18 20 21 23 26 32 33 34 36 38 40 53 54 58 64 66 69 73 75 78 81 83 86 88 89