2 6 10 12 17 21 22 23 27 30 33 34 35 37 41 45 47 50 53 54 55 57 59 60 63 68 69 71 72 73 78 80 85 87 88 90 92 96 98 99
^Malicious
2 5 6 9 14 18 29 30 31 35 44 45 47 48 49 51 54 59 67 68 74 77 78 81 84 87 93 94 96 97
4 12 21 25 29 31 33 37 47 50 52 53 56 59 62 64 66 67 68 71 74 75 76 77 78 82 95 97 99
7 8 9 11 12 14 20 21 24 30 34 37 46 55 56 62 68 71 74 75 77 79 80 81 84 89 92 96 97
0 2 5 10 21 23 24 32 33 34 35 37 39 40 45 46 49 51 62 67 76 78 79 86 89 90 92 93 95 97
5 9 13 17 18 20 29 30 37 38 40 42 48 50 55 60 63 65 66 69 73 82 88 89 91 93 95 96 97 98
2 4 6 13 15 19 25 29 45 47 52 53 55 57 59 62 65 67 71 74 77 79 81 82 83 85 95 96 97 98
1 9 11 12 14 16 19 21 32 33 40 41 42 48 52 53 55 59 60 66 67 71 77 79 88 89 90 94 95
8 13 15 21 23 24 32 36 37 38 41 45 46 51 55 56 58 62 64 65 66 68 76 80 84 92 95 96 98 99
11 12 16 20 25 26 27 29 30 31 35 36 39 40 41 43 51 57 59 66 69 70 71 74 79 80 82 86 92 98
2 3 5 12 14 15 21 22 25 26 28 33 37 38 41 44 45 48 49 54 56 58 60 62 65 79 88 91 94 98
0 14 15 18 19 20 21 24 31 34 37 38 42 43 44 45 49 52 53 55 63 68 73 74 75 77 86 87 98
0 8 13 14 17 18 19 24 27 32 34 36 40 41 48 52 53 54 60 62 63 64 72 78 83 85 86 94 95 98
1 3 4 7 8 9 11 14 15 16 17 18 23 26 28 29 34 35 45 47 54 59 64 71 81 87 92 93 95 98
1 4 8 10 14 15 17 19 25 34 37 38 41 46 47 48 50 51 52 53 58 65 67 68 71 72 76 80 81 82
1 2 4 5 9 15 22 23 29 31 38 41 44 46 51 53 55 56 58 59 63 64 68 72 77 81 90 95 97 98
4 7 12 13 22 28 29 32 34 36 37 38 39 41 42 43 44 56 65 68 69 70 77 78 80 88 91 92 98
0 3 6 11 24 25 29 30 31 33 36 43 46 47 53 57 60 63 64 66 77 82 87 88 89 91 92 93 95 96
1 2 4 12 18 20 24 25 27 31 32 34 40 46 51 52 56 57 59 60 64 66 68 69 73 82 86 90 91 92
8 12 17 19 22 24 25 26 28 32 42 45 49 50 62 65 67 73 76 78 81 83 84 85 86 92 96 97 98 99
2 3 6 8 9 13 22 23 24 32 37 38 42 45 48 55 62 64 65 77 78 82 83 86 88 92 96 97 98
0 4 5 11 15 16 22 23 24 34 35 37 40 44 47 50 51 52 55 58 59 60 61 69 71 74 75 76 82 94
0 2 5 8 10 12 13 15 16 19 27 30 35 36 38 39 44 48 49 54 61 62 63 64 65 68 87 92 95 98
1 4 6 7 8 9 12 15 16 18 21 29 37 38 46 47 53 65 66 74 76 77 78 80 84 85 91 96 98 99
1 2 3 7 9 10 11 13 14 17 19 21 27 29 30 38 40 44 45 49 51 53 54 61 75 78 79 87 97
2 8 10 11 14 15 16 17 18 19 21 32 38 39 41 47 53 59 68 70 72 73 74 75 76 77 80 91 95
3 21 23 27 32 34 36 39 43 49 56 59 61 62 64 65 66 67 71 73 77 78 81 84 87 88 90 97 98
1 3 5 6 8 11 24 30 31 32 33 34 35 37 40 48 49 55 57 63 65 66 68 74 76 80 82 93 99
0 1 3 10 13 15 20 32 36 42 46 50 53 56 60 61 67 69 74 77 80 82 85 87 90 94 97 98 99
0 3 4 9 12 18 21 24 25 27 33 35 36 40 41 42 56 57 64 70 75 78 81 82 83 86 87 88 98 99
1 2 5 8 12 18 20 21 23 24 32 36 37 38 40 42 44 47 53 56 57 61 74 78 80 91 94 95 96 98
0 3 7 8 10 17 22 25 26 27 28 31 34 35 36 37 41 43 51 53 63 65 77 79 82 83 88 90 95 97
2 4 13 20 25 26 30 43 45 46 47 54 56 57 61 63 67 74 78 81 82 83 88 89 92 94 95 96 99
0 9 12 22 23 24 25 26 30 33 36 41 42 43 48 51 54 56 60 61 62 65 67 73 77 80 81 82 87 88
6 8 13 14 20 22 24 26 40 43 44 46 49 50 53 54 57 63 64 66 72 74 75 77 84 85 87 92 94 96
4 9 12 16 20 21 24 27 30 31 32 33 42 44 47 48 54 57 60 66 67 71 75 82 84 86 88 89 93 96
3 5 6 7 9 10 13 15 24 25 26 30 31 32 34 39 57 60 63 64 67 71 73 75 81 83 87 91 99
2 5 10 16 17 20 22 29 31 32 35 39 42 43 45 48 51 53 57 58 60 62 69 73 74 75 76 82 85 97
4 6 17 21 22 24 25 27 33 43 44 48 51 54 56 59 60 61 66 69 70 77 78 81 84 89 93 94 97 99
1 3 12 13 14 21 24 26 27 29 37 42 46 51 54 55 56 60 70 71 74 75 80 83 87 89 90 94 95 96
4 5 7 8 10 13 20 23 26 41 43 48 49 51 53 59 60 63 65 67 69 76 83 86 89 90 96 98 99
2 3 8 10 11 15 18 19 26 34 36 37 39 41 45 46 49 53 54 61 69 78 81 82 83 84 85 86 97 99
0 4 5 6 7 10 13 16 24 28 34 38 42 44 45 49 55 60 63 65 66 68 71 76 77 79 90 94 98
0 5 10 14 20 27 28 30 31 32 33 34 39 51 56 61 62 63 69 71 73 75 86 87 89 90 95 97 99
4 6 8 10 13 15 19 21 25 29 30 34 46 49 54 57 59 61 65 71 74 75 76 82 85 90 93 95 98
0 9 12 21 22 28 35 36 39 40 43 45 46 48 51 54 56 57 58 63 64 67 71 81 83 87 88 89 90
1 2 7 11 12 14 16 21 22 23 37 38 42 46 47 49 55 60 62 63 67 74 75 78 79 82 83 86 90 97
2 3 4 10 12 15 16 17 18 22 28 30 36 37 38 39 44 45 52 56 65 77 82 84 90 92 93 96 97 99
5 19 21 22 26 29 30 34 40 43 49 51 52 57 62 63 67 74 77 82 84 85 87 88 91 94 95 96 98 99
8 16 21 29 36 37 38 40 44 46 47 50 56 57 59 60 61 62 63 65 70 71 82 84 86 87 88 89 92 95
0 14 19 20 21 22 30 33 34 36 38 42 48 58 59 60 63 64 67 69 75 78 79 82 83 88 89 93 97 98
4 5 6 9 26 33 34 38 43 44 45 46 48 57 62 65 69 70 75 76 78 79 82 83 85 86 90 92 99
2 6 7 10 11 13 16 23 25 26 36 39 41 42 48 49 52 56 59 63 67 71 72 75 85 88 93 94 98
0 1 7 8 12 13 23 25 27 33 34 36 37 39 44 55 56 57 63 64 65 66 71 74 77 79 81 85 88 95
7 9 15 16 19 21 22 24 27 32 33 35 37 38 39 43 49 52 64 70 75 77 78 80 81 82 88 92 99
10 20 21 26 33 34 35 38 40 49 50 51 53 58 60 62 63 65 67 70 74 77 79 83 86 88 90 93 94
1 3 4 9 12 15 19 22 28 31 32 35 37 42 45 48 57 61 66 69 70 72 74 76 77 80 86 87 98 99
0 8 13 15 22 28 29 33 34 35 36 37 38 44 50 53 65 66 70 73 74 77 78 79 80 86 90 95 98
3 4 7 12 16 17 18 22 23 24 25 30 33 35 42 44 48 51 55 60 61 64 66 75 78 79 85 86 87 95
3 7 8 9 10 13 14 17 18 22 26 27 30 34 42 44 49 57 60 62 65 69 72 74 76 78 80 82 84 91
0 5 13 26 27 29 30 33 36 39 40 42 49 50 57 62 67 68 69 75 76 78 85 88 90 91 93 94 95 96
6 15 22 30 31 34 35 42 43 45 46 48 49 50 52 54 55 57 58 64 66 70 74 75 78 82 83 85 91 97
5 8 12 15 16 19 22 23 26 27 30 31 35 39 43 50 51 52 54 58 62 63 70 73 76 79 85 86 92
2 4 9 11 14 18 19 21 24 28 30 34 35 37 43 45 48 50 51 52 56 63 68 73 74 77 82 86 87
2 5 10 16 19 23 29 35 36 37 40 41 44 46 49 50 51 52 58 60 69 72 74 76 81 83 87 88 91 94
0 1 2 11 12 14 15 16 17 20 22 28 33 37 40 43 47 52 56 57 58 65 69 70 71 73 81 90 91 97
3 9 13 18 22 24 27 28 30 31 34 36 39 44 52 55 60 62 75 77 79 85 87 89 90 92 95 96 98
0 4 5 6 14 16 21 27 28 30 34 35 38 46 61 65 69 75 79 80 82 84 85 86 88 94 95 96 99
9 10 12 13 16 20 21 25 27 32 37 38 39 46 55 58 61 65 73 74 76 79 80 84 85 88 89 97 98 99
1 3 6 13 15 18 26 27 28 34 35 40 42 45 47 51 56 61 62 63 69 73 75 76 77 79 80 84 85 99
2 5 9 14 20 23 25 26 27 28 29 34 37 39 42 45 50 51 56 57 60 61 64 70 76 78 89 94 96
0 5 7 13 14 16 21 24 26 27 34 40 41 43 44 50 53 55 57 58 73 76 77 79 80 83 85 86 87 94
1 6 12 14 15 19 22 23 24 28 30 32 40 44 47 50 51 62 63 65 67 70 72 73 74 77 89 92 94 98
1 3 6 9 15 16 25 29 30 33 42 44 45 47 48 49 55 58 59 70 83 85 86 89 90 91 92 95 98
1 2 3 5 6 12 13 14 16 24 25 29 33 34 36 37 40 43 45 47 60 62 71 77 88 89 91 93 97 98
7 9 10 11 13 14 15 24 25 28 29 34 37 44 49 51 57 60 64 65 69 73 80 86 89 90 95 96 98 99
4 11 15 21 29 30 31 34 40 41 43 44 50 52 53 54 56 57 58 62 69 73 79 80 83 84 89 93 98
0 1 5 9 13 18 27 34 38 41 47 48 49 52 53 55 56 60 66 68 80 81 83 84 85 93 94 98 99
0 1 2 4 7 12 13 14 16 18 22 31 34 38 40 45 47 52 54 56 57 63 64 73 76 82 84 92 99
1 3 5 10 21 23 25 28 29 30 32 37 38 47 49 54 56 58 63 68 74 76 77 79 83 85 88 91 93 99
0 4 5 6 9 12 13 14 16 17 19 24 25 33 35 38 41 46 50 55 61 71 76 78 83 84 85 86 88 91
0 1 14 15 16 18 21 32 34 38 40 41 44 58 59 60 61 63 65 70 71 72 75 87 90 92 94 95 97 98
2 8 9 11 16 20 22 23 26 34 35 36 41 42 46 50 51 54 58 59 67 68 74 79 82 83 84 90 97 99
0 2 3 5 6 7 10 12 18 20 28 36 38 40 41 42 43 44 51 52 57 66 76 77 78 80 85 88 90 96
2 7 16 17 21 22 26 27 29 32 34 35 36 45 48 49 50 51 54 56 69 70 71 81 84 86 89 93 94
3 4 9 11 15 21 26 35 42 50 53 54 58 61 62 64 66 68 70 73 74 77 78 85 86 88 89 90 95 96
0 2 5 9 11 15 18 23 28 30 34 35 38 47 49 52 54 55 56 57 58 59 62 74 75 83 89 93 96
8 11 12 17 18 23 25 26 31 37 38 40 43 49 50 51 58 61 65 72 75 78 80 84 85 88 90 93 94 98
1 4 10 17 20 21 25 26 27 29 31 34 37 39 40 48 49 51 55 56 61 62 67 70 80 85 91 92 96 99
0 1 9 12 14 17 20 25 26 27 30 32 35 41 52 53 54 58 60 61 62 65 66 67 68 69 81 82 86 99
0 5 6 7 9 11 12 22 25 27 35 38 39 41 46 51 52 55 57 58 61 62 66 68 72 73 74 81 83 85
0 5 8 16 17 20 21 25 27 32 39 41 46 50 52 53 55 59 60 62 65 75 79 83 84 85 88 91 93 98
3 6 13 14 18 19 20 22 23 24 30 31 37 42 43 44 49 57 61 69 70 71 73 81 85 86 87 89 93 99
1 3 12 17 18 20 21 22 25 26 35 38 39 41 42 47 50 55 60 62 67 72 74 79 81 82 83 85 86 89
0 7 14 15 17 18 22 24 31 32 33 34 37 39 51 53 54 55 58 59 65 66 73 79 81 86 90 95 97 98
1 2 4 10 19 25 26 29 30 31 32 34 38 42 44 46 55 59 60 63 67 69 74 80 83 86 91 96 98
3 10 11 16 17 18 24 26 35 36 37 38 41 43 45 46 49 56 61 66 67 69 73 80 81 82 84 87 90 99
3 4 5 10 13 18 21 34 37 38 41 42 48 53 56 58 63 65 69 70 71 72 73 77 79 80 83 84 91 95
6 13 14 16 20 22 30 31 37 42 43 44 45 46 51 60 62 68 71 74 75 76 79 80 84 85 90 93 94 99
2 3 14 16 26 32 34 40 43 44 46 51 54 59 60 61 65 66 68 72 74 78 80 81 83 87 89 97 99
0 1 3 8 18 21 23 24 25 30 34 45 48 50 51 53 55 56 59 62 65 66 70 74 78 83 84 90 92 93