0 3 5 10 11 18 21 23 25 28 30 31 32 34 35 39 45 49 50 52 55 57 61 62 68 69 73 75 77 82 84 87 89 90 91 92 94 96 97 99
^Malicious
8 11 12 15 16 25 27 32 33 38 44 47 50 52 56 57 60 64 65 67 71 72 77 82 89 90 93 95 96 97
0 6 10 20 25 28 33 34 37 42 43 46 48 54 55 57 58 59 65 69 76 80 85 86 87 88 91 96 97 98
0 3 6 9 11 12 13 15 28 29 37 39 40 44 45 50 52 53 54 58 59 63 65 66 73 74 75 78 82 94
0 2 8 10 18 20 21 22 24 27 31 35 38 40 51 52 55 56 59 64 68 71 72 76 78 82 85 86 96 97
0 2 6 8 9 10 12 14 15 16 25 26 29 31 32 33 34 42 43 52 62 64 70 77 79 81 82 86 91 96
1 3 6 9 15 20 26 28 33 36 39 40 44 45 48 49 50 64 68 70 75 77 78 79 80 81 82 85 89
1 10 15 16 17 19 22 23 24 32 37 39 40 45 48 50 52 53 55 56 69 70 74 75 79 82 88 95 97
0 1 2 4 5 11 15 17 19 23 24 29 30 48 50 56 62 63 64 66 68 73 74 76 78 79 87 88 96 99
4 9 14 17 18 24 29 31 32 35 36 40 43 45 46 50 58 60 61 65 69 70 74 75 82 85 86 87 92 93
2 3 5 13 16 18 20 22 26 33 39 41 43 45 50 64 67 68 75 78 81 82 83 86 90 92 93 94 98
0 4 7 8 12 13 14 22 24 26 35 37 42 47 50 51 52 57 58 61 66 68 72 75 76 80 87 90 96 97
0 2 5 13 14 15 19 20 22 27 32 36 37 39 41 43 50 51 55 58 59 62 63 68 69 72 78 84 90 92
1 15 17 18 20 21 23 28 29 36 37 39 41 42 45 48 56 61 62 65 71 74 75 77 78 79 81 82 88 91
0 2 4 8 14 16 17 21 24 25 29 33 34 35 38 43 44 50 53 55 56 61 65 66 75 77 84 88 92 98
2 8 10 16 21 25 26 27 28 29 41 45 49 51 58 59 62 63 66 71 77 79 81 82 84 88 92 96 98
0 1 3 6 7 8 10 22 25 31 33 35 36 42 44 49 62 64 65 66 67 68 70 73 80 83 86 93 97 99
2 5 8 12 15 17 21 22 23 24 25 26 29 46 48 50 51 54 61 62 63 67 68 75 76 77 79 90 92 95
0 1 4 9 15 16 22 23 24 32 34 41 46 50 53 55 63 65 68 71 74 75 77 79 81 82 85 90 91 93
4 8 10 11 12 14 15 20 23 34 37 38 40 45 46 49 50 52 54 59 60 61 62 64 67 72 77 79 87 95
3 4 7 8 12 15 18 20 21 23 30 31 33 34 36 37 42 44 55 56 57 58 62 65 67 69 74 78 80 84
3 4 9 13 15 16 30 32 35 36 39 42 45 47 48 49 53 56 62 63 74 80 83 84 85 86 87 90 93 97
0 6 13 18 19 24 25 31 32 35 37 42 43 47 54 59 62 64 65 67 68 69 70 71 77 83 90 92 95 98
1 2 15 16 26 28 30 31 36 38 41 44 50 51 58 59 62 63 64 68 70 77 78 87 90 91 92 93 97 98
0 1 3 5 7 15 16 37 44 48 49 51 56 57 58 60 62 64 65 66 68 71 84 85 86 87 89 91 95 99
0 3 10 15 16 30 31 32 33 41 43 45 48 54 58 60 62 63 70 72 73 74 76 80 83 84 87 95 97
3 4 10 11 12 27 30 41 47 49 51 53 55 59 60 62 65 67 68 69 72 74 76 78 81 83 90 93 97
0 2 3 9 18 19 21 25 31 33 37 42 43 44 53 54 55 56 57 61 66 70 76 86 88 90 94 96 98
1 3 5 8 9 11 14 18 20 21 23 29 31 41 47 48 49 58 59 62 63 68 71 78 83 85 86 89 97
1 7 10 13 16 17 18 21 27 29 34 35 42 46 47 48 51 57 59 60 65 67 68 69 75 83 89 93 96
1 5 7 13 19 22 25 28 31 37 38 41 43 44 52 54 55 57 58 60 62 64 69 78 80 86 89 92 93 94
5 6 13 17 18 21 26 28 31 34 38 40 43 45 47 48 55 57 60 64 69 70 74 79 80 84 85 88 93 96
3 10 12 18 20 22 24 27 28 33 35 36 37 44 45 47 49 50 59 60 62 71 73 74 75 76 85 86 89 95
2 6 7 17 21 22 26 27 29 30 35 51 52 53 56 64 67 70 71 73 76 84 85 87 88 90 91 92 94
2 5 8 10 17 18 20 21 31 38 39 41 45 46 48 49 54 56 57 60 61 65 66 71 72 74 82 85 88 92
0 4 5 11 14 18 26 37 42 45 50 52 53 54 59 60 61 64 67 72 73 74 75 85 86 87 88 95 96 98
0 1 7 8 12 20 24 27 28 29 30 38 39 41 49 55 56 59 61 64 67 73 77 79 86 88 94 95 96 99
3 17 18 19 20 25 29 34 35 40 44 46 51 55 60 61 63 64 65 66 68 69 71 81 89 93 95 96 98 99
0 3 4 5 8 9 10 14 16 17 22 23 27 29 33 42 45 47 59 61 65 67 68 69 71 73 80 84 90
2 6 7 9 13 21 24 26 31 35 37 39 40 46 52 64 68 71 76 77 78 81 83 84 86 87 90 91 97
4 7 9 10 11 12 14 17 24 25 29 31 34 37 44 45 46 48 52 64 77 79 80 85 86 88 90 97 99
6 11 14 15 26 27 28 30 31 32 33 34 41 42 43 45 52 54 60 68 71 74 75 76 84 86 91 93 95
4 6 7 12 13 21 23 24 29 37 40 56 58 65 67 68 69 70 74 75 77 79 83 85 87 89 91 94 96 97
0 2 4 6 7 13 15 21 22 25 29 41 44 46 48 49 51 53 56 61 62 70 76 84 88 89 90 91 96 99
0 1 3 5 8 13 24 25 26 28 41 44 48 56 57 58 59 60 61 70 72 73 74 75 76 77 79 87 93 97
0 8 10 11 12 14 18 24 25 27 31 32 37 41 46 51 53 59 60 66 70 73 74 77 79 85 86 91 97 99
4 7 10 15 16 17 24 26 33 37 42 50 51 52 57 62 63 64 66 67 69 71 73 81 88 90 92 94 96 99
0 2 7 8 17 19 20 29 31 35 36 38 39 41 43 49 50 51 56 58 67 69 72 73 75 77 81 87 96
7 10 17 19 20 21 23 26 30 31 34 38 43 44 45 48 49 52 54 59 63 65 70 75 83 86 89 93 97 98
2 14 21 24 26 30 33 34 36 41 42 44 49 57 59 61 63 65 67 68 69 71 73 74 76 86 90 93 94 96
0 5 7 9 17 18 21 22 27 30 31 34 38 39 44 53 54 58 59 64 66 73 74 76 77 80 81 82 94 95
1 2 7 16 17 19 20 21 25 28 32 33 34 35 36 37 38 41 47 51 52 53 57 67 69 74 75 83 96 97
0 1 7 9 15 17 27 34 37 50 52 55 56 57 59 61 62 65 68 69 72 74 75 78 79 82 86 95 98
2 3 6 8 9 13 14 16 20 21 26 29 33 39 43 50 51 59 61 62 66 68 71 81 83 87 91 92 96 97
9 11 14 16 18 20 28 33 35 36 39 42 46 47 48 50 51 54 55 57 63 71 73 76 78 82 83 90 97
1 10 11 14 19 22 26 30 34 36 37 38 40 42 45 47 50 56 60 62 63 70 73 77 88 89 90 91 95
9 14 17 19 20 24 25 28 33 35 39 42 43 47 48 49 51 53 61 70 80 82 84 86 88 89 92 95 96 97
2 7 8 10 11 12 13 17 20 27 28 29 30 32 38 44 46 49 52 53 57 65 69 70 72 74 89 91 96
1 4 7 10 13 14 16 20 21 29 38 41 42 47 50 53 55 61 62 63 69 75 78 83 84 85 95 96 99
8 9 11 20 23 27 28 33 34 39 40 45 46 48 52 53 54 56 57 59 60 61 70 74 77 83 92 95 97
0 1 9 22 23 25 27 29 32 35 37 38 40 44 56 62 64 68 76 77 82 85 88 90 92 93 95 96 98
2 6 10 11 12 14 16 17 21 24 33 38 39 42 45 53 54 55 62 64 68 74 77 78 79 84 86 88 91 96
0 3 9 11 12 20 26 28 38 42 43 44 52 55 56 58 59 60 63 64 66 69 72 74 81 82 84 87 91 92
0 1 5 13 14 15 16 19 20 21 22 31 34 40 43 44 49 50 53 54 57 59 67 70 71 79 82 89 94 97
4 6 10 12 18 22 24 26 32 35 37 40 43 44 47 48 50 51 53 55 62 67 68 69 75 76 88 97 99
1 3 8 10 13 14 18 23 24 28 30 33 42 43 44 49 51 53 63 65 68 73 78 85 88 90 92 96 98
7 8 10 12 17 19 22 23 27 28 31 40 42 43 45 46 48 57 68 70 73 76 77 83 84 85 87 95 98 99
1 4 8 22 24 27 28 33 39 40 41 46 47 54 55 60 61 67 68 69 81 82 90 91 92 93 95 96 97
3 4 5 14 16 18 27 29 34 35 36 37 40 46 48 49 55 59 62 64 66 68 72 73 80 81 82 85 88 90
3 10 14 15 16 17 22 24 25 28 29 30 38 41 42 44 50 57 58 62 67 72 76 77 81 84 87 89 93 95
0 2 3 4 5 6 14 16 21 24 28 37 39 43 48 51 52 54 55 56 58 64 70 71 75 82 85 97 98 99
0 1 11 12 15 17 23 27 29 30 31 35 39 43 44 45 46 48 52 56 58 62 65 68 72 74 80 85 95 97
1 2 3 11 12 16 17 20 24 25 26 27 28 32 33 34 38 40 44 46 56 61 66 69 74 75 77 89 93 96
5 6 9 10 12 15 16 19 28 31 38 40 42 44 47 49 51 56 57 60 65 67 73 80 85 87 90 94 96 99
0 6 7 9 10 18 22 27 28 34 35 40 44 48 50 52 54 58 62 63 66 67 72 74 79 81 82 87 92 95
0 4 15 20 24 26 30 31 34 38 45 47 48 50 51 56 60 65 66 75 80 85 86 87 91 93 94 95 97 99
3 4 5 9 11 12 17 19 20 25 27 33 35 37 39 40 45 49 53 54 55 56 60 67 69 70 76 89 95
2 6 10 13 16 20 21 24 30 32 39 40 47 52 53 54 58 61 66 67 70 71 74 77 79 81 90 91 92 97
1 9 23 25 27 29 32 42 46 48 51 53 54 55 57 66 68 70 72 76 79 80 82 86 91 92 95 97 99
5 11 15 17 18 20 23 33 35 36 37 42 43 51 56 62 66 71 73 81 82 83 85 86 87 88 92 95 97 99
11 13 15 16 20 22 27 31 36 42 44 45 52 54 55 60 61 62 63 65 66 67 69 84 86 88 91 92 95 97
0 7 9 10 15 18 21 23 24 27 28 34 35 36 40 41 42 44 48 49 50 58 59 60 61 67 68 78 93 98
1 6 9 12 13 15 17 18 20 27 32 33 35 43 46 51 52 55 60 62 65 68 69 70 72 77 84 88 91 94
0 9 12 14 20 21 24 25 29 31 33 34 35 36 42 43 47 49 50 55 56 57 60 66 72 75 80 86 98
1 3 8 12 13 27 29 30 32 33 37 38 45 46 52 54 57 58 59 60 68 74 79 82 86 87 90 92 93 99
5 7 10 12 14 21 25 30 33 40 46 47 48 51 54 56 58 60 63 66 69 70 73 82 85 87 91 96 98
6 7 9 11 12 13 23 33 34 36 40 43 46 47 56 60 61 65 67 69 73 77 79 83 84 86 89 90 91 94
0 3 4 6 10 26 27 28 30 34 37 44 46 47 49 50 53 54 59 60 66 70 76 82 84 85 93 94 98 99
1 5 6 12 16 21 23 29 34 36 39 49 50 52 53 57 59 60 64 65 69 71 74 76 80 82 85 88 93 97
0 3 6 11 16 27 32 33 35 36 37 42 43 44 45 46 51 55 60 61 71 72 75 76 78 79 82 96 98 99
3 7 11 12 16 19 20 23 24 25 26 27 30 36 39 42 47 49 62 63 67 69 71 77 79 85 88 95 97 99
11 12 13 17 18 25 29 33 37 40 42 43 45 51 52 54 55 61 64 67 73 78 80 81 82 86 87 88 94 96
1 2 9 10 16 17 20 27 29 31 43 44 50 51 52 57 60 62 64 66 72 77 80 82 84 89 93 94 96 98
2 3 8 15 20 24 26 28 41 42 47 49 56 58 61 62 64 69 70 71 73 74 76 83 87 88 94 96 97
1 5 8 12 20 21 22 23 24 28 29 37 38 39 44 45 48 56 57 71 72 77 80 86 88 90 91 96 97 98
0 1 2 3 4 5 8 11 12 16 17 18 22 24 28 29 31 34 41 43 53 66 67 68 80 86 87 91 93 99
0 2 5 6 13 15 21 25 28 29 38 46 47 50 56 58 62 64 65 67 69 79 80 83 86 87 88 89 94 97
2 9 13 15 17 18 19 21 22 25 28 29 34 41 48 54 57 60 62 64 65 72 75 77 81 83 89 91 92 95
0 2 4 5 6 9 14 17 18 20 22 26 28 35 38 39 45 53 57 59 69 70 71 73 76 77 80 81 95
0 2 8 10 12 14 15 19 32 33 37 51 55 66 67 68 69 78 79 81 83 84 86 87 90 91 92 93 96
0 3 4 8 9 15 16 18 20 21 24 36 37 42 44 49 51 53 55 56 64 67 69 73 74 83 84 87 97