76957600
67 56 38 19 53
978882454
32 78 24 81 36
342712968
0 23 36 27 63
941574464
69 15 19 79 29
623784460
28 83 19 81 35
745974081
5 45 81 20 36
381354537
69 10 1 0 67
623466102
48 0 45 51 61
212783612
83 33 51 65 39
668756746
85 63 20 2 25
93158929
59 39 28 15 38
235783517
49 27 83 2 34
687498993
1 30 65 25 75
330550893
35 2 80 81 53
180722462
25 23 49 57 4
948386008
67 16 43 80 7
231047964
70 49 80 87 85
483284541
63 16 87 80 6
103211831
40 92 12 3 23
797633134
79 6 82 27 80
126430404
49 46 13 5 50
303059256
19 79 18 42 49
132734281
89 99 63 82 3
206940765
31 68 12 75 99
655510826
89 34 77 45 61
237679321
10 47 94 69 61
331196558
73 80 1 28 51
139281288
7 97 18 75 53
411457472
37 59 36 99 29
92240267
61 52 80 25 51
789606329
47 90 6 10 5
818131680
63 40 2 32 48
132851947
27 1 95 13 48
601635742
43 27 89 32 72
382473046
60 32 1 92 70
178785212
91 87 81 35 90
353255318
77 52 29 88 9
379724219
35 20 97 37 13
33187313
52 68 19 96 54
782209413
2 79 93 42 81
526419092
46 67 99 95 51
44099486
50 42 62 64 43
100803757
9 66 64 71 23
737023151
11 83 54 41 28
628905120
34 0 42 80 77
582268996
99 3 87 40 8
741474065
73 98 19 43 29
63229154
45 48 76 87 37
163988229
79 24 16 54 1
229568672
34 13 68 60 67
926676645
70 48 21 98 88
988246426
14 62 84 41 68
673184649
45 68 18 36 92
79395325
46 48 17 64 78
268057725
97 75 3 31 55
298946728
87 83 65 64 66
877006434
47 83 19 82 33
206869044
87 49 36 37 43
50721517
22 84 36 15 89
315752333
33 37 64 78 86
206735928
79 17 78 39 81
947616340
60 5 16 20 40
208892110
36 70 96 67 64
689673436
5 74 65 18 97
992599622
22 98 9 37 65
710449627
77 68 54 1 92
968063771
98 15 63 37 10
606534444
31 29 87 30 64
145576283
9 75 89 85 69
407877002
99 90 57 65 61
459162761
39 78 15 13 12
503903480
28 39 14 40 37
884048496
77 65 63 73 4
162948123
18 65 19 93 69
329214300
83 45 68 94 56
490617363
67 99 87 21 17
835929876
27 42 66 67 40
540842365
38 35 20 98 78
427766084
52 87 95 79 72
509514341
54 6 57 58 0
114210827
91 5 75 97 74
299082817
54 25 94 81 67
826124093
33 27 24 96 83
941013758
57 16 81 23 69
435037058
52 29 36 62 21
82521757
96 39 47 38 25
966200331
79 67 49 88 44
458862728
27 3 9 63 34
199703399
8 99 38 82 78
41754660
93 14 40 36 3
932671167
75 82 96 90 34
131266657
43 39 42 19 83
2357550
33 43 47 23 4
735889969
33 53 75 85 43
621882714
67 35 73 91 41
889859848
83 37 47 29 35
566965474
3 38 81 33 83
986529022
27 46 69 94 58
747063748
26 55 62 83 58
913647958
57 8 44 46 66
222184530
97 30 47 39 90
151125291
28 2 56 71 67
579209141
96 5 83 49 20
783311199
17 78 66 50 10
458895251
73 2 98 61 33
151289329
51 35 5 15 64
927388941
42 27 85 37 13
738977005
58 92 28 33 60
760319694
81 19 68 37 95
19472184
6 28 30 56 67
816279971
98 70 17 63 8
367241790
31 89 74 99 21
568453104
46 12 84 38 70
942623366
90 55 78 79 17
8223343
48 7 76 23 35
37204809
42 73 75 10 77
257101234
21 58 14 80 9
831934050
49 17 69 54 53
54962308
45 93 63 86 12
73220900
22 54 88 20 3
324446293
38 36 78 87 50
505559966
29 3 24 38 99
445859233
46 95 28 29 62
9459157
43 32 18 56 25
64103378
54 52 96 14 36
563060290
44 92 62 49 1
359651244
74 57 25 43 72
622519652
33 28 76 64 78
950111864
34 41 82 77 92
156104934
62 17 44 22 27
803717313
90 54 61 69 97
449861612
21 68 13 99 15
926244423
71 86 4 56 83
213230479
28 98 89 51 26
857181261
29 57 6 48 17
62489231
39 78 16 19 94
576451072
29 54 1 72 5
218470
14 91 12 36 37
154117357
55 63 80 73 48
71975977
65 4 20 73 93
99809657
34 50 52 15 11
608705547
14 48 9 36 63
921207850
50 39 49 21 77
134843601
13 5 46 63 61
355262741
36 81 77 42 49
153514166
91 45 9 97 39
319954836
76 26 61 86 71
301064462
54 39 90 93 41
57794153
9 45 2 61 91
358466782
4 53 55 63 12
765955405
89 45 29 30 48
942997362
18 24 5 55 20
85430007
49 58 31 68 28
255914367
52 72 62 58 15
925262134
46 47 98 25 42
326676795
87 7 19 26 82
946397928
43 51 9 12 17
725277006
48 82 62 83 57
134314421
35 44 58 94 26
476421597
28 66 73 34 30
983798634
63 14 80 53 9
99589251
15 95 40 41 28
625413495
66 79 3 98 81
205444171
76 10 69 17 3
740341619
0 22 12 23 8
806823072
33 47 79 25 73
844917127
31 60 58 44 89
562152683
76 72 82 33 2
340759030
95 20 90 69 4
393113185
82 73 93 5 17
151712896
43 39 26 70 7
10712653
45 68 51 52 8
752774778
81 35 11 72 47
249116828
17 62 78 27 51
256564556
9 23 58 34 43
917296655
36 1 67 69 12
629627527
67 89 9 86 2
423739913
16 83 46 89 29
502499190
96 5 78 93 98
852154583
51 89 82 9 0
112007828
68 52 53 70 26
407817940
16 36 92 76 61
994900468
20 39 73 48 78
406484658
9 49 68 57 45
57743142
92 65 97 21 52
200562556
86 64 42 78 85
155425818
13 82 22 48 1
141133736
48 73 8 2 25
137798654
78 82 34 71 20
961096419
44 14 11 9 54
367160969
10 59 61 53 43
852972840
25 10 1 69 18
838449609
94 53 23 37 95
330190581
66 95 50 5 89
658406733
32 2 20 76 96
129586691
30 65 96 43 61
674671913
36 64 6 51 74
790097055
41 17 4 14 2
808079847
42 69 25 29 84
248299529
39 82 84 24 45
354886048
50 13 38 58 82
559431835
87 66 94 58 31
702637095
22 21 2 47 35
315894018
56 27 49 28 87
469944260
31 92 74 75 1
234949466
51 58 11 15 39
664736929
39 85 22 2 75
774977853
83 60 51 19 88
728639261
98 75 10 33 9
872179411
3 35 77 58 26
471577874
34 60 5 96 41
847857364
88 85 74 53 42
302486201
87 54 43 62 30
345096097
84 47 92 83 66
97938058
98 32 42 61 66
661981467
44 55 21 3 86
86406081
53 74 88 32 76
106592576
27 74 32 52 40
903749128
75 15 73 18 57
335033293
98 62 29 63 13
911632411
39 78 38 73 79
803295787
54 83 11 23 38
308648313
65 2 56 43 80
568381042
11 42 96 6 81
360131914
30 57 77 24 72
276302020
32 52 21 54 65
341025974
76 96 2 47 88
11773581
79 41 25 42 8
98372231
96 36 89 66 82
658440419
55 56 43 70 21
386599388
4 54 56 52 89
672381658
48 70 25 74 46
103251680
97 85 87 56 50
407174173
22 68 81 87 78
81272029
72 41 37 66 92
238766124
11 43 92 72 78
207157250
51 24 9 57 32
587027479
73 15 76 84 14
778220987
77 8 65 22 75
797300845
72 10 24 78 59
958759714
87 39 98 99 42
517081412
84 34 0 33 93
969251426
29 39 19 95 10
894715974
19 6 40 38 93
877751402
51 58 76 83 66
501528562
25 50 92 93 16
858408525
7 24 98 68 34
532260010
75 72 26 25 57
861054291
54 56 34 67 7
895064166
95 15 24 61 55
818376543
85 2 12 71 5
221081010
39 7 23 79 64
853085953
98 80 58 95 8
984162261
86 90 93 47 19
333754666
82 35 67 34 69
346919064
13 24 21 69 59
176923010
65 81 79 92 76
200069627
88 68 60 39 69
356211182
93 51 35 87 8
996333636
79 59 61 37 46
761747619
45 70 7 96 55
25302755
67 12 83 97 98
56110276
7 78 61 14 77
204787756
56 86 0 88 72
274593715
28 38 66 52 7
701404820
7 78 34 3 0
19151724
7 64 94 0 18
842023103
25 73 28 41 72
307090224
69 27 14 26 44
917328152
5 38 14 30 20
255287687
60 84 9 7 66
145577062
33 62 40 14 72
68801528
2 32 90 31 61
841940075
92 44 19 84 97
524315562
34 81 88 4 39
35438156
54 62 96 64 32
138934570
94 53 90 55 23
814141871
66 9 18 91 98
457971511
88 45 49 93 94
826928547
70 40 64 60 15
322068816
72 60 71 77 36
592479657
31 69 13 64 32
198866939
33 10 65 63 84
564816203
67 44 66 82 60
681363335
65 17 70 48 52
900378822
10 45 85 89 72
125284513
85 98 9 83 24
370219716
73 43 34 46 90
305981277
23 44 81 95 17
835204732
74 78 30 37 59
459917923
18 64 69 2 4
797858636
74 3 17 53 65
18259164
61 18 3 44 31
115873260
49 66 40 23 79
732287128
59 0 68 81 88
632866084
37 6 53 36 38
637067407
42 95 54 78 7
38690275
93 4 28 6 99
979444958
34 4 35 76 17
239922892
2 23 32 45 50
275186919
33 30 12 62 69
92754346
73 33 25 55 10
41729894
38 62 64 29 82
73827125
22 76 41 54 34
864535739
57 92 32 59 88
993046513
73 26 64 27 96
153695941
77 84 25 83 8
321697841
63 35 43 86 38
97767139
97 2 37 16 7
224187247
84 64 0 45 46
395835135
85 67 57 45 21
181429748
96 77 33 85 64
551672977
62 78 55 59 65
792454789
50 76 11 20 36
731090527
18 74 48 15 55
849188983
5 30 40 27 52
687270633
43 91 16 77 14
673200537
61 27 25 48 73
766363696
19 76 54 7 86
86431763
67 22 97 75 35
574547965
98 15 85 2 57
688560248
32 12 70 38 34
2534365
86 2 22 30 98
586966950
60 99 7 0 12
738906389
30 6 24 57 0
682021965
64 53 37 88 51
917976966
58 82 25 53 80
609800470
98 14 83 27 51
268657632
77 8 84 1 33
784494482
82 65 5 57 53
501163332
64 87 80 40 33
875201891
47 2 29 23 36
603316281
92 13 49 96 23
636687704
22 59 53 72 67
778896256
11 18 20 22 81
407613096
97 41 69 98 92
933089568
78 50 44 38 36
820854466
75 99 94 15 76
379583494
98 0 42 90 26
741511419
75 89 73 33 0
548759884
69 22 0 26 49
55842139
96 0 44 51 28
276733864
71 54 82 84 44
275464039
2 74 99 79 29
435602104
93 40 71 57 87
710128894
33 37 3 80 59
764542513
17 96 59 8 40
503268544
94 27 60 4 54
685588308
17 5 93 12 8
674443204
81 30 32 3 64
328745069
30 99 0 10 86
800575876
59 2 91 13 82
102570457
68 4 94 7 61
870083407
82 78 24 31 25
391183200
78 35 49 27 80
131368907
2 87 21 58 91
772634246
4 50 26 39 65
662400916
20 64 38 92 66
620601993
73 36 71 25 54
328424680
16 5 1 13 65
260289643
97 14 49 76 94
623539391
70 26 65 89 46
580818940
11 27 6 3 21
268512820
48 83 75 19 17
451276868
68 90 94 11 10
471653873
88 27 8 55 86
874194821
45 30 64 86 85
346645537
55 26 56 18 21
216442196
67 85 72 50 73
691616388
43 91 71 70 12
877295716
68 43 87 92 34
286750944
12 67 43 72 62
860705788
31 81 76 74 88
632558288
62 51 64 49 89
658322028
86 43 22 88 15
147737920
91 33 14 9 35
39477898
86 30 33 11 51
179451995
85 91 26 78 48
235146448
80 48 84 28 16
812092548
61 67 34 0 26
431813914
4 81 46 21 9
895580273
30 37 49 68 11
447834377
13 67 83 77 60
509055089
36 77 89 24 70
644698068
20 80 19 50 34
595776558
80 93 15 60 85
76234247
26 6 28 1 24
225371013
68 59 93 82 76
185481206
63 50 31 4 61
477745326
3 20 87 78 53
80596249
29 70 13 94 40
308513565
72 78 66 3 99
957714436
1 50 89 18 29
306864243
72 90 39 0 98
675947436
93 83 70 97 19
77568872
41 15 83 72 53
728343678
33 8 26 43 15
296794645
49 30 6 37 11
645180493
23 20 96 95 26
274595833
50 1 85 55 98
384371126
62 32 63 19 76
328426769
21 70 31 64 85
16459719
76 94 85 89 92
207188601
35 7 60 61 25
346707636
65 50 32 86 13
274751776
62 80 18 66 32
32097759
31 98 73 51 82
562619482
23 10 58 5 92
618339739
23 41 44 65 93
759099774
37 70 33 98 93
187118869
38 96 33 2 48
508408627
30 29 7 85 80
769727833
7 47 66 20 58
594509183
76 90 4 2 52
107933677
86 63 19 68 56
295754712
10 51 84 50 61
733366271
78 81 67 68 95
423019028
28 70 5 16 64
49686012
22 16 88 56 34
889641907
58 54 31 8 5
296378464
9 13 85 18 83
452275622
55 14 48 56 79
472333887
40 97 69 66 99
224929882
75 88 36 86 3
119689239
42 7 68 60 6
144678949
65 55 75 25 16
278769162
56 19 93 94 43
565316752
73 92 30 29 94
2220707
77 42 5 95 46
909588175
72 40 88 5 41
397604236
19 13 28 36 15
471439014
46 62 24 49 83
499625183
27 9 74 65 31
543331411
61 72 81 33 34
551745859
71 93 23 72 64
735745212
44 98 80 60 35
16476132
95 44 79 46 92
725414494
69 17 99 86 46
139219016
41 55 71 95 74
728031472
48 13 49 12 81
241904292
4 61 9 64 51
635497691
40 42 99 83 32
639802215
46 8 26 50 44
953535492
9 51 6 85 7
462195449
73 33 86 54 77
892223138
80 42 97 52 40
184282669
22 3 26 10 83
962963568
41 21 78 53 90
228074125
37 18 95 26 73
70472201
60 77 65 41 38
156870971
89 12 87 31 57
117883025
57 74 1 7 6
682535599
46 31 48 21 11
758365969
44 23 27 66 55
223157900
97 50 14 78 32
186490707
30 80 75 6 8
192608562
78 55 24 7 1
129756481
66 8 49 92 5
782656965
47 14 81 20 24
760420357
94 52 33 5 81
700443407
9 20 42 16 8
745819297
23 97 12 88 11
942253756
17 94 37 66 92
423161330
68 86 24 41 36
590959005
62 60 2 84 26
286943928
42 49 50 16 85
277218829
34 53 90 40 21
22157779
31 85 35 93 48
752539666
8 45 18 17 78
408905051
36 41 10 94 28
201302592
54 1 38 93 18
260843698
6 66 94 33 58
821150931
46 47 58 51 98
888067642
23 90 77 33 65
718024553
89 73 11 50 45
466894078
19 91 62 44 39
976182480
12 63 99 83 92
114355242
18 73 59 62 64
213176081
99 48 36 40 74
173540185
69 49 79 8 20
88954446
65 93 9 24 40
589362079
31 52 13 90 82
940912143
58 3 95 54 93
593467511
60 93 95 75 58
886042507
67 73 9 85 5
334599603
30 9 82 47 35
826812278
32 55 50 7 31
581203998
82 41 19 71 78
990079536
13 31 44 90 85
800755028
96 88 2 6 48
113159554
62 64 44 22 98
131059491
54 85 13 67 75
816758882
6 0 79 13 84
628464922
33 47 1 90 10
423424175
87 20 55 39 98
549495139
21 88 79 95 91
157407384
22 79 45 32 6
413012666
57 83 91 4 77
155744790
67 56 94 38 45
798703025
78 90 97 0 62