437463157
52 49 66 84 80
768914303
38 74 40 49 91
696763339
62 43 94 35 99
726506289
86 47 13 5 64
427305538
43 28 69 83 42
75772404
69 49 4 31 74
741795738
35 19 67 51 22
520798422
86 64 42 57 81
501533306
54 31 47 6 37
642582910
45 95 9 64 10
594664810
14 70 62 39 85
130893549
88 79 44 50 98
885575486
13 77 58 49 44
787823549
37 68 34 59 39
378234546
7 28 56 74 19
826327480
86 28 50 8 0
656355939
19 18 10 9 14
61197952
56 8 71 61 85
737737110
81 64 68 2 41
867921792
37 43 29 60 18
486444091
9 39 58 46 69
529783158
95 86 15 35 80
238589399
29 83 47 8 75
273340305
56 18 68 72 3
166229940
40 90 79 84 6
444349372
12 86 80 4 93
424470504
56 42 67 80 98
657846650
52 45 72 74 71
981828408
56 62 59 28 52
594882893
44 38 97 63 5
363238513
47 5 52 28 21
798699523
1 52 29 62 71
964602694
13 12 78 45 62
148761252
69 22 60 61 65
605309124
4 44 20 82 71
688149475
40 27 91 17 68
942686219
48 18 76 96 67
40527407
98 86 16 64 55
859171610
60 87 70 9 29
11795374
55 84 71 13 88
392685125
77 10 89 74 18
758867425
19 75 40 4 59
876628685
56 57 72 91 49
211869340
8 6 83 74 89
470511785
82 21 6 59 0
978441556
35 88 13 19 50
717747559
22 23 59 86 10
658283247
77 1 20 97 92
908666536
82 2 30 83 97
893471131
92 81 73 54 52
144166003
42 46 66 85 51
290580903
42 52 26 54 47
902544010
7 1 21 60 66
672139267
32 77 50 14 94
626486774
89 4 31 5 6
994098815
49 13 96 91 60
182458117
31 12 55 40 44
946659862
8 29 83 35 51
576091986
73 82 57 92 88
966929864
13 53 80 12 63
739933458
61 31 66 67 89
560597167
30 16 22 9 65
496284510
48 29 68 0 62
658847988
45 85 22 50 5
216843560
58 96 27 24 86
108786096
24 88 35 67 64
80270342
26 93 68 63 32
853265447
46 27 45 59 55
495186675
82 18 86 2 53
662492634
63 37 91 52 11
958211020
48 65 74 57 66
584284871
10 73 29 60 37
179792204
98 91 30 13 90
852423834
2 55 41 54 49
446583922
9 95 58 99 12
664623784
49 86 12 17 54
85977687
26 29 44 64 86
395135435
26 57 79 29 50
828134469
0 79 59 13 11
319867540
4 21 78 80 72
507321830
90 12 20 56 81
832639047
75 9 95 30 23
712641946
8 74 70 83 35
695422749
12 63 75 71 54
212844477
94 53 16 91 15
224431937
27 64 31 0 87
844100772
38 75 61 67 86
468626798
33 90 72 0 73
237966733
2 18 57 95 55
924068584
67 0 68 41 43
483027558
62 26 12 46 2
200472333
73 81 74 27 13
499277483
48 81 90 68 69
626484699
88 32 48 50 70
909040631
90 71 1 80 27
656447955
86 43 69 74 76
336686810
60 5 48 73 98
99919187
97 66 54 21 37
413193853
60 87 6 17 5
568901168
1 90 51 33 12
752691831
61 11 63 39 17
585048104
96 86 80 62 47
238933479
97 22 3 56 70
144266143
91 87 2 12 27
795833835
25 64 70 42 48
132908346
98 48 93 47 97
472145251
50 5 27 17 80
817542867
63 52 90 88 87
361495056
79 42 56 75 77
635868606
22 6 27 7 95
8947168
20 78 58 11 66
610639692
33 19 49 26 17
964786732
50 91 32 33 46
119039096
20 17 92 5 18
723404356
7 53 79 33 71
236820180
23 21 25 95 18
628170029
35 0 78 53 7
807530457
21 1 44 34 7
899822056
30 11 62 95 76
462881819
79 30 55 71 5
888204289
67 61 80 58 1
981506822
91 76 65 14 88
119384520
54 79 26 42 65
678883190
7 23 34 2 39
121252610
89 35 49 83 65
273542380
11 81 39 10 45
197891106
34 53 90 52 83
504088879
38 29 20 50 31
882112542
84 92 61 34 56
634992071
56 57 13 24 21
708154091
80 1 96 81 0
150732711
52 76 74 6 27
171686268
98 26 21 80 76
988169194
65 29 12 90 72
510863112
69 59 17 27 55
996195480
37 57 65 30 22
250248433
88 4 81 16 28
572748794
85 16 48 61 38
20876131
12 7 44 18 78
185837324
82 74 9 87 89
900603224
68 65 2 54 97
176307121
93 16 6 91 31
177824156
20 29 14 1 43
106091154
59 4 13 97 79
17706464
25 54 1 47 19
54555550
73 84 8 82 2
508984367
63 97 42 3 21
607849365
57 83 0 26 53
787836536
81 57 95 93 96
803869382
84 2 11 56 47
366908379
10 33 49 70 88
520968228
2 76 37 19 51
773228072
31 83 56 28 14
287135184
75 81 17 95 20
425424610
86 95 66 70 28
175136236
85 47 30 66 79
705920542
79 67 37 24 15
947385963
42 56 80 62 31
331131094
49 33 40 59 92
326544151
49 34 38 14 68
36539000
95 15 19 4 87
348798279
18 42 59 57 63
699456047
54 80 11 13 65
640860426
18 8 9 55 58
193565629
41 82 75 45 21
494844451
74 69 25 83 0
473611847
75 20 64 94 26
125291499
87 20 35 65 69
889247499
6 77 73 15 74
642230340
29 56 66 96 27
25200440
27 88 93 22 94
238013663
9 12 58 52 85
694757000
60 7 23 0 98
65027995
9 98 59 22 37
928860252
18 42 9 19 69
808425761
77 34 4 76 39
504038351
70 85 67 8 74
969983955
48 34 11 55 23
674589849
40 61 88 15 9
399303707
86 43 12 42 90
281270579
48 45 8 87 86
848871
89 47 52 17 81
41831709
68 82 91 53 97
959041329
13 37 58 17 67
303595146
69 46 21 72 51
860677575
91 27 65 61 60
685648100
36 33 2 44 21
704346824
75 56 58 34 72
775737574
95 97 60 5 19
836557658
71 48 4 45 15
641765470
44 63 75 65 40
574617304
46 92 35 75 50
10382335
11 38 72 30 61
647950804
47 46 29 4 96
312501078
4 23 3 70 83
470327716
83 69 20 47 70
887705221
82 3 75 32 11
126241817
33 63 81 3 80
996789608
96 78 98 4 2
15176006
76 60 47 97 56
456985302
66 95 26 84 86
953772487
76 1 11 64 58
62791295
81 41 82 63 69
246079424
40 14 74 85 61
603879399
12 61 3 92 62
416391429
93 23 47 58 7
390533851
67 51 18 8 24
661090407
21 82 40 47 30
476890081
33 98 71 53 35
457619860
76 93 17 34 61
439669773
63 0 47 67 35
747447626
77 87 96 28 69
561823554
11 78 80 36 17
957992998
9 48 47 11 1
718180610
93 10 65 33 88
462818419
89 16 60 50 3
464322388
83 15 62 78 45
894544876
31 98 89 59 46
135980896
8 34 42 98 55
783031447
32 37 73 25 40
311265318
37 39 82 35 44
982284126
95 57 23 45 52
640555479
19 71 81 82 26
160595749
48 28 53 93 32
258999769
49 25 32 71 33
539155090
40 15 47 1 57
673798208
10 4 84 1 18
657714862
7 42 59 25 58
894684949
28 58 18 1 50
850004889
59 4 3 32 68
317947840
66 81 6 91 43
327117350
71 91 51 94 8
638412707
65 12 45 51 99
327453698
68 99 10 93 91
640958654
29 36 95 18 92
718043331
80 4 72 22 28
513176719
39 19 7 13 18
251415108
17 2 95 31 97
230316208
14 16 27 42 81
422678307
53 54 85 24 52
701687025
98 4 31 61 86
248835043
82 4 7 35 61
179603313
92 40 60 1 59
490458915
37 94 25 30 79
986482273
37 24 15 84 96
689171712
4 72 92 35 12
159027417
30 1 95 2 21
223848321
95 22 30 33 13
869946317
47 1 22 41 43
711294854
41 47 76 54 20
338714662
97 82 71 51 17
846044760
73 96 32 90 87
968178604
61 5 79 16 1
280332072
31 50 80 44 74
984180033
82 61 5 78 4
166550665
31 74 33 27 87
886306082
10 76 72 19 16
906812394
12 71 27 78 41
287231657
32 91 6 48 77
169850010
41 61 38 7 17
458720065
31 2 26 42 30
537110481
99 24 59 2 34
511426370
86 57 69 26 36
611280607
61 94 57 47 65
146897356
93 21 14 51 17
445169326
28 47 71 63 78
10168389
68 23 15 63 77
307362142
26 20 54 9 23
181234153
9 3 75 10 33
279816743
52 47 63 51 33
273257667
84 38 69 59 46
769851493
20 48 0 87 28
431240211
11 87 91 50 47
597928080
41 47 17 65 72
188157560
63 71 46 76 70
908683736
26 56 81 6 54
863627341
58 83 76 15 40
841761910
35 95 41 64 12
830831268
20 92 0 67 6
21317982
48 58 13 57 55
683863907
68 85 88 94 86
970817277
63 89 33 56 10
472956648
29 2 40 26 17
13512051
17 23 84 44 18
741591410
79 29 20 2 65
178675946
6 68 41 83 30
642365627
89 73 39 51 69
303237984
40 50 41 71 91
214147691
9 17 71 28 27
696355460
59 61 49 64 96
132894431
76 67 69 30 9
614588639
5 71 16 86 54
347621246
96 7 97 2 44
788219230
48 11 99 78 35
542035554
66 31 0 56 39
95470653
11 32 87 59 88
263220585
61 12 18 82 68
480042228
88 42 15 68 18
4600707
13 92 88 93 72
869494672
28 22 63 65 24
966773421
10 80 0 21 56
334621286
58 99 21 23 38
38038542
48 27 44 58 36
786615514
53 3 95 26 43
164052606
71 60 44 8 94
303552201
90 41 94 87 7
825417935
60 71 29 30 24
393446035
31 81 92 30 66
14263048
50 20 13 68 89
971638828
87 17 92 67 83
111445100
28 39 92 90 58
414565389
15 11 69 5 90
142678316
67 71 44 15 56
535739885
90 77 71 94 41
364254874
18 66 24 55 75
402395514
61 99 98 80 12
218874423
38 15 88 20 25
632657743
14 61 44 74 85
47973503
79 62 44 22 47
806587074
94 91 90 37 50
354044528
12 37 91 54 82
166241740
56 71 87 26 90
746369668
47 55 13 30 0
373682171
85 92 11 39 16
688680794
4 88 69 63 46
935485071
33 86 57 47 5
54067825
99 40 76 22 20
470656692
6 91 97 2 94
475767548
54 65 95 40 57
239981373
8 63 6 66 78
20373035
81 89 36 82 56
788567533
28 4 5 42 34
470148303
75 0 54 23 78
300769418
36 52 70 45 41
66521359
81 56 28 57 75
208128526
61 65 20 53 4
40455760
1 62 10 50 6
441560852
33 14 61 96 75
98978346
67 47 59 71 36
782846530
76 95 36 10 56
515721058
2 61 1 84 18
105382312
29 13 94 87 83
390195256
83 60 88 65 10
828542621
84 75 88 77 22
27531411
57 65 69 14 20
693661316
42 82 37 31 97
207419650
70 42 26 16 77
340290317
56 99 94 87 97
415294751
6 32 40 62 1
65274951
78 75 60 38 71
547530020
60 95 21 39 34
808413562
25 27 16 0 80
973174138
28 82 29 27 34
457114006
94 34 36 16 87
335244805
26 24 48 80 3
638319598
30 15 28 29 90
840181430
93 31 85 78 55
829020311
61 25 56 91 83
86093987
20 17 49 24 9
134261381
56 22 72 83 3
241729864
28 4 13 3 58
240560670
89 86 77 80 9
789319076
66 11 12 56 19
109682382
22 83 13 60 75
587055565
70 65 44 28 63
832614237
49 76 50 44 24
187092692
36 49 97 37 91
469055291
86 82 40 38 70
190676422
39 28 78 63 69
978754636
21 13 34 54 83
949904053
49 98 36 78 46
68518122
28 32 60 96 94
924294331
16 64 65 4 31
670662006
27 9 85 73 50
938724471
30 22 13 0 31
821553600
30 1 2 41 3
124019874
83 72 64 24 50
886166051
1 73 87 37 30
625685541
87 92 79 96 60
186205172
97 76 36 27 78
575385577
19 5 24 78 13
554206936
74 41 34 4 7
63781389
80 96 3 41 11
25974285
80 43 85 41 57
85830379
69 82 78 59 88
750120000
98 53 41 37 60
108253178
77 70 92 53 74
97923612
73 43 31 25 58
423632932
63 75 49 20 28
304970177
68 92 83 43 39
103639939
72 31 41 50 97
973654430
6 18 30 0 42
816658280
29 11 96 62 76
259844758
49 66 55 83 76
654353936
87 63 75 27 61
520199899
98 92 77 33 38
42662681
47 73 84 96 34
198131655
72 38 7 79 50
275455205
91 21 9 83 84
847324397
67 6 51 40 58
363260290
38 9 40 22 96
658951835
29 41 34 84 12
753859324
58 70 7 63 55
544201633
99 23 9 87 8
587099458
21 0 4 85 79
626589316
81 52 11 15 34
689915569
63 20 81 97 46
370219056
56 85 49 26 2
337129058
60 78 52 18 40
143484905
56 8 64 16 88
210882440
80 12 74 4 22
708836168
54 86 5 9 36
225879299
15 65 40 58 29
689938590
73 51 54 84 0
546865770
11 69 68 9 87
952870392
93 72 19 77 6
782055824
11 99 21 4 68
531558943
29 95 67 46 16
40020669
26 53 92 78 31
615760872
56 51 85 69 96
100911941
55 36 73 69 16
701553548
42 45 31 6 59
733661791
72 35 27 85 8
52043238
89 80 14 13 49
403475260
1 92 89 32 13
555079767
96 85 3 13 18
341794451
19 32 41 3 6
291100433
16 33 46 54 21
850270851
61 84 42 52 79
932045433
76 81 66 44 82
198704386
3 62 45 69 81
354867433
0 12 69 24 88
196395729
21 18 30 89 53
673896870
14 38 50 7 75
544227323
80 4 27 28 85
458439978
96 49 59 25 38
972344917
50 20 3 96 97
233610239
41 66 24 27 86
365610905
36 20 57 6 64
119983378
7 58 52 82 93
459815988
85 50 25 35 16
733276250
66 98 50 13 20
127685136
8 0 11 63 75
725074566
36 87 34 0 41
524905152
59 80 46 94 43
819281612
23 55 57 88 45
697525544
76 55 28 91 58
854799953
73 7 38 83 67
180468633
15 81 69 83 41
551648089
15 94 87 75 70
267635575
90 0 85 77 10
796688993
90 70 12 94 61
868003725
39 43 37 34 94
30018432
85 89 67 19 15
710988236
71 36 81 33 30
886337120
4 22 67 81 25
374590610
46 58 4 75 49
327249188
95 28 44 26 25
255830462
86 83 74 87 54
693576441
56 62 36 47 16
363061892
57 61 50 29 26
543605560
76 57 47 79 64
117628907
13 22 76 31 94
820606012
17 13 44 77 48
998787280
60 59 41 45 84
73979579
95 77 7 0 12
339806557
15 30 94 25 28
57421635
4 38 32 90 91
334380525
89 75 6 59 9
655302771
4 63 64 24 83
132470302
97 16 87 43 23
341928573
70 87 35 4 17
310028942
99 21 79 61 31
237070356
21 59 15 27 7
855915728
64 68 98 56 95
740710966
46 42 65 41 21
814837715
23 42 87 98 44
963373402
56 13 54 61 30
570902095
45 83 57 37 59
121451466
72 52 42 71 4
75850370
93 49 52 17 80
335467211
0 19 24 47 38
513923851
36 5 27 29 84
729832859
59 34 65 57 54
368588230
9 88 82 89 46
221745199
90 73 6 27 59
903891175
14 53 4 6 44
282476949
44 61 21 84 19
830725308
93 30 38 26 47
902146228
53 55 19 23 12
542276333
81 68 60 23 51
667706009
28 1 66 18 32
243224296
58 57 21 16 98
587318827
48 95 21 82 97
525867681
7 71 20 24 69
570886852
22 95 30 33 0
975079788
54 63 72 13 19
87034239
88 94 71 70 22
882790962
65 87 18 62 30
952401245
61 60 32 2 15
