544761667
59 94 31 46 58
68683314
34 86 70 90 44
119196798
76 82 70 14 77
927678432
24 87 19 53 38
974939499
93 18 1 87 7
336211446
24 91 10 46 1
945369338
74 28 93 39 45
490716067
72 79 95 9 82
680977401
11 50 61 10 68
776104922
91 43 78 94 33
359885021
15 76 91 39 95
926923024
75 28 7 0 40
138099667
10 6 63 18 77
750745160
58 43 4 61 18
244575065
47 63 48 6 88
307414776
23 68 54 46 85
688255400
12 0 47 58 77
843223923
1 57 38 78 35
953065384
42 65 50 29 86
445243529
48 72 27 9 39
246600997
14 38 60 57 11
636560409
88 4 48 93 42
379397465
62 51 42 99 6
440274150
1 95 76 27 93
28799796
95 94 41 14 54
964568158
21 81 22 26 59
86657386
6 62 29 10 99
237795710
0 63 46 89 82
375423367
6 44 24 58 42
309771721
62 33 3 38 7
333033233
39 35 13 1 0
147845969
4 24 85 52 92
83199484
41 19 82 23 8
101662041
19 14 4 77 16
560481700
66 7 55 21 86
203600829
72 9 65 23 47
208986245
26 66 61 15 9
63191817
94 9 40 61 32
242703631
86 70 59 20 31
534864036
92 14 23 20 72
391660510
21 13 83 99 5
236349844
94 5 18 30 32
272551880
5 36 61 33 0
970323091
79 21 27 69 31
40501703
68 86 55 47 50
85573932
52 29 2 89 55
717159901
96 34 77 39 18
358211190
22 29 30 35 55
227945603
38 95 39 40 12
147658422
18 80 27 23 82
137554677
16 29 91 57 10
737395752
16 84 35 3 71
797779648
11 53 50 87 76
882506148
89 16 38 71 41
343850957
45 32 61 18 43
473059065
47 83 84 79 58
149469502
59 61 45 58 41
244428750
27 59 22 60 92
374597279
45 94 38 46 96
605723729
18 78 6 61 75
479355364
34 45 74 85 1
754093099
39 78 56 74 30
843964480
73 35 50 27 69
817449563
88 8 72 28 96
911976646
32 92 28 99 5
118913503
33 40 93 61 63
535188067
74 66 2 94 15
900770716
73 83 61 90 27
962676651
19 35 53 56 44
987950551
4 17 95 15 79
494965203
60 91 48 58 64
487091168
72 69 3 5 11
363137315
78 7 22 18 26
829363360
95 81 56 25 30
817266264
88 1 21 35 74
972535558
18 74 16 79 22
113681406
20 95 78 9 72
843598258
36 97 94 61 64
940396646
25 70 86 26 53
461862382
89 69 39 71 81
662440093
95 36 40 15 74
757052198
70 52 43 78 95
188836206
52 51 29 84 90
357413806
9 66 12 34 38
943113906
49 51 3 56 54
549878159
93 63 74 80 26
639440167
96 23 58 87 19
703435650
64 48 28 95 11
366597483
40 69 78 19 70
544307104
20 96 36 68 54
877740304
82 70 11 46 63
514421236
16 51 61 14 98
956835033
75 34 84 91 11
956455346
51 64 37 65 56
791669487
88 90 94 55 37
618328914
25 69 6 99 4
36020126
3 46 97 2 17
866210288
96 12 48 7 21
218525436
55 59 26 2 16
885216992
3 65 34 47 85
577910431
51 67 73 53 54
706754837
65 75 63 9 92
793899602
33 83 22 78 44
863623776
90 69 76 7 4
456196556
65 9 23 97 2
684218286
1 60 80 94 49
743081632
68 42 9 70 77
574230319
42 87 92 13 25
615341622
37 73 34 4 29
334836457
9 6 46 13 37
508762405
14 70 62 81 55
457005020
82 29 79 51 13
799529070
98 71 92 82 84
260047848
83 87 39 2 13
825093532
54 2 65 23 7
50577128
58 55 52 86 24
378793008
18 29 97 56 59
328753574
13 75 64 90 98
562285939
33 78 90 73 6
917416531
94 57 79 75 45
122458586
51 34 64 96 48
891330006
58 27 29 12 80
746260529
31 81 64 2 65
565640797
98 89 80 1 30
182655567
40 74 70 7 65
234599841
19 41 37 89 86
129362248
29 22 86 31 58
720380111
91 34 84 55 35
434577538
39 81 25 88 41
285854502
19 87 37 61 39
657934497
0 26 1 96 43
861461189
17 70 3 76 67
371974274
9 27 60 93 18
650759476
86 21 67 53 62
166898336
73 99 94 35 71
46666860
40 41 5 55 98
841665032
70 80 21 4 86
301527793
94 50 36 92 27
348761465
67 74 11 94 41
384553297
61 79 8 26 95
529005927
91 14 61 26 79
750665093
98 21 60 2 82
399633952
76 13 88 81 25
381926762
32 59 69 39 63
287188221
20 70 11 69 51
7692620
6 30 34 11 91
861616044
40 85 16 10 50
531075204
38 78 33 64 54
841405222
52 90 42 61 33
864965868
25 87 66 12 53
726060675
81 79 76 8 13
856684251
29 19 1 39 66
393809555
50 2 28 98 6
624632444
25 52 43 18 61
199369052
36 68 41 14 75
315914251
37 18 15 8 3
616595307
82 97 19 29 67
917260393
89 52 38 49 95
453293783
27 78 9 10 48
65251068
82 46 90 50 59
429317239
41 11 2 20 46
733208026
40 14 69 30 37
159887811
78 38 73 12 26
238394191
96 64 27 70 61
420584528
0 15 66 74 47
519639636
2 81 72 5 32
217950981
3 72 42 59 29
466254965
24 10 84 9 67
373207343
59 45 49 8 13
857347559
6 80 49 81 33
671808060
40 9 58 31 81
460620102
60 91 76 79 71
91233509
48 16 18 34 74
24123575
83 77 49 64 73
101951917
32 87 40 16 34
500549962
3 51 99 36 28
558505096
65 38 15 81 11
662180175
22 45 41 17 11
223898413
89 88 35 70 38
123821104
88 25 93 58 85
875819747
93 40 0 43 72
736675726
60 90 85 61 16
603185319
74 58 17 65 97
601553971
54 81 49 5 62
181334729
14 65 86 52 67
404778281
89 52 67 51 9
100944099
23 25 85 56 84
116147129
49 13 71 30 22
262206811
69 90 93 1 55
779106018
68 48 25 32 23
609129301
90 80 36 40 26
168999775
79 51 22 96 66
963235455
68 44 95 81 10
99566066
17 95 60 35 2
150702889
49 48 72 71 63
308478619
47 45 95 39 81
149058822
88 92 54 27 48
98229629
48 60 25 58 21
714178116
78 90 62 42 79
951360288
47 44 15 0 56
276595149
76 56 80 2 91
271622366
42 36 71 70 12
37984443
49 30 47 22 43
101661735
6 96 83 79 58
726149907
90 11 30 9 34
995912786
52 27 14 67 31
673878151
12 85 45 67 90
284071865
68 83 78 26 13
896258905
62 4 2 1 96
46015437
40 47 22 99 17
60474532
95 17 38 74 24
105938593
4 27 46 13 77
968491415
88 38 77 56 50
646924297
41 71 51 50 62
431623513
88 0 63 13 30
172512137
10 4 16 90 48
122379372
40 60 28 31 77
398045026
12 4 70 27 30
700306272
33 9 45 95 64
333807503
2 48 62 44 20
759103910
0 32 53 52 63
82339725
39 28 38 96 37
648529518
99 45 92 88 34
232991243
46 6 64 25 93
347165014
89 34 87 42 66
175525346
75 46 88 45 58
554806939
37 95 99 67 93
531565528
89 23 91 77 40
508140550
67 42 73 33 29
391073986
26 50 13 77 79
45999615
98 41 18 53 65
270411194
99 12 35 92 97
646176542
71 36 94 56 50
481166260
6 59 20 54 22
356546159
53 6 71 67 34
722792616
70 32 65 88 60
115102709
56 9 80 68 58
138717000
53 88 77 63 20
300644945
85 25 77 27 55
25260060
41 89 93 8 74
957988933
24 81 52 69 14
570702858
20 59 89 15 69
552356966
8 52 53 44 70
629601234
17 64 18 94 23
301748766
59 13 33 24 30
299294062
4 15 90 43 44
518476492
78 96 6 15 19
392000460
0 14 10 46 64
717800103
48 64 94 68 32
129354921
59 33 76 21 56
729312869
11 36 86 66 69
376166541
17 38 88 92 3
625355905
34 23 22 49 71
420115085
82 52 60 77 25
694331233
83 68 62 51 47
876651094
15 78 31 41 86
146030825
24 8 62 57 59
979895937
15 46 31 25 86
462203285
41 9 49 51 36
528471481
72 14 8 98 75
881569359
94 12 9 49 74
666946649
83 0 25 24 43
356499174
9 21 53 31 64
716167878
33 7 39 15 51
363151505
35 72 94 28 78
519082425
25 80 30 59 50
92918979
69 75 64 67 44
21757099
3 51 80 7 11
717010567
11 82 38 86 49
293797382
7 67 94 10 33
551577056
66 11 77 3 38
134151679
36 82 58 8 34
661708602
37 54 60 24 31
263207254
66 24 14 23 70
388947200
94 23 79 65 61
909714923
85 91 29 50 44
22550920
41 83 10 1 61
790414020
52 29 41 27 31
828255541
38 68 94 55 2
645549606
15 18 19 20 68
24315578
62 99 47 88 96
211654088
18 52 31 74 7
730567254
81 50 65 29 0
716829704
67 65 79 50 61
284222930
86 54 95 9 34
562739778
93 77 71 49 20
567985092
24 54 20 1 80
498950120
9 66 74 72 48
69345980
78 17 43 42 33
344002741
11 2 94 73 24
346031092
8 79 27 30 64
789966173
63 37 7 32 23
494290220
56 51 70 63 74
777966061
74 69 15 33 68
835260191
63 47 57 12 87
955566836
30 12 24 97 71
958302768
92 51 77 61 87
847214750
83 99 37 51 90
345382600
43 15 76 70 2
539340607
15 10 14 43 19
590857568
16 17 71 50 14
733456124
82 1 20 44 87
471909232
86 71 4 45 42
888866666
59 91 81 26 14
191668907
43 89 64 21 84
4602333
1 74 14 57 47
353133838
69 87 71 66 40
965735395
78 68 22 38 85
25359393
45 8 11 38 83
165426782
66 23 72 27 69
310131768
46 91 61 44 36
343196541
44 56 79 28 13
102841944
6 67 62 40 29
117251747
62 8 71 57 75
910687409
16 86 67 44 83
847983423
92 19 29 35 22
461756604
95 34 54 30 12
601283233
49 81 95 59 39
162853512
90 29 40 92 17
71644229
87 40 3 76 97
874233777
2 99 77 41 91
131261348
30 60 48 86 42
915142406
32 8 88 27 52
861248908
42 40 43 6 26
545778046
80 48 43 90 49
750465659
1 42 27 7 41
565698998
97 9 26 72 95
80861080
33 71 31 72 54
763417000
17 8 11 65 51
677346086
65 85 51 97 81
693950831
66 22 10 26 59
800595530
65 31 36 89 94
178566681
62 41 46 32 66
187977453
38 55 75 89 98
916203303
34 2 60 55 69
622033932
34 90 97 85 64
593154575
45 88 44 70 36
559311469
45 76 13 22 82
485832568
92 17 44 47 28
87340079
92 75 49 6 33
190624452
70 83 58 9 38
176422153
70 90 74 77 78
253025423
45 54 53 36 2
914919280
56 13 93 44 18
429468253
5 6 57 25 44
350034061
59 72 39 28 4
952683254
91 90 63 19 57
313161219
23 53 56 28 22
565478207
25 72 67 4 33
351294038
9 14 94 74 36
806344213
15 13 3 41 46
462153646
15 27 46 77 67
20322522
68 28 54 25 24
116082871
3 60 94 79 83
523504702
2 45 91 22 62
497757442
38 23 22 70 28
553626397
70 62 20 63 6
617941595
56 47 15 20 2
837422285
22 19 72 27 91
503234427
82 52 49 19 6
925501464
52 90 86 21 5
282587345
5 65 35 8 78
87757216
47 65 76 4 74
691726939
29 72 61 90 2
962097710
53 57 45 30 43
549349036
74 40 3 69 21
571077139
4 69 74 34 88
409108509
65 5 64 6 11
411482301
19 94 24 12 13
641095131
91 27 48 39 70
421623358
32 69 2 9 19
409613917
84 57 10 91 17
232311750
17 42 33 38 86
503158323
74 80 98 44 6
951678186
23 35 91 84 2
246136320
11 46 79 33 10
896937732
85 53 77 1 61
107043423
59 18 1 63 6
78093185
13 16 38 98 71
685849396
28 85 56 35 65
880456356
47 37 4 21 60
983294855
57 2 10 53 64
175024035
91 17 25 45 68
580024071
45 42 86 89 55
990638322
5 11 40 18 69
525571190
13 52 94 71 42
622705442
22 64 62 51 67
879084542
50 41 15 96 95
889830910
71 10 96 98 59
987751964
27 2 51 28 40
681058481
85 43 78 86 39
585360894
10 53 22 70 35
538753585
47 78 0 83 50
973525762
78 34 39 46 87
530940567
31 99 15 34 43
353317964
40 63 70 71 81
44874006
2 3 68 40 67
2454045
94 17 42 27 29
670449139
35 16 66 30 60
33447681
97 47 25 14 23
304961824
19 88 38 83 8
336362203
71 21 14 32 8
530225893
85 19 55 34 46
92416625
2 54 11 61 87
660942786
3 12 33 81 24
551341596
60 70 79 90 85
574951237
68 39 11 18 25
670769572
27 2 38 60 66
449517332
68 20 3 74 73
322603903
3 88 74 10 11
938050366
75 18 56 19 25
895812445
92 53 73 42 87
538634426
53 55 1 36 39
656673706
80 84 86 59 71
549224854
22 2 36 90 13
624005673
87 12 76 79 33
366915167
42 51 82 61 65
571609758
46 88 2 53 75
4116836
53 66 62 75 24
729833628
5 18 49 8 50
717586020
82 40 61 63 49
312210602
72 67 39 59 35
194438375
10 77 98 3 28
456739419
25 34 98 33 39
154162998
24 8 31 64 27
308104078
24 30 87 29 98
367257408
84 88 62 45 37
857501439
83 67 90 26 79
604765103
62 4 91 85 51
322657889
85 92 73 19 13
820091792
17 11 63 35 44
193809648
12 41 75 45 31
923512559
24 8 34 65 81
52262139
86 5 93 53 62
136126959
76 31 33 54 56
539213853
1 97 55 58 78
289743510
86 71 91 57 12
976663807
69 95 44 37 83
52337182
6 97 3 71 2
575898292
57 47 31 30 23
760340293
73 97 94 55 22
825179089
21 13 51 77 85
117753581
63 20 13 70 87
868353291
32 76 83 13 71
693175944
96 61 92 78 21
853928396
21 12 77 2 42
594000665
78 28 47 15 44
334139703
33 41 93 90 29
600870481
7 38 95 21 79
371400929
63 67 45 75 6
146926428
68 75 41 7 90
613491307
13 40 17 99 19
404686249
76 18 60 21 86
223689189
42 43 77 11 62
525893718
3 62 81 12 71
981397771
56 54 20 58 95
688221381
63 94 48 37 16
546681299
58 84 64 62 27
699982225
94 97 88 81 36
786419017
74 75 19 91 95
282853164
52 28 43 56 55
125613319
78 15 61 99 18
640900733
78 43 20 16 87
342994446
96 74 90 23 34
298913583
50 91 12 95 52
53858951
93 68 80 62 46
740744682
83 4 86 3 46
875633281
36 4 72 59 21
392829047
54 79 60 68 42
215975210
48 13 6 95 41
129042055
13 46 23 6 31
290689867
71 66 31 1 49
924929497
66 86 16 83 79
368949340
89 93 61 82 2
574951463
89 5 54 78 96
138305210
62 7 29 76 99
530288157
65 96 80 34 17
892449911
84 17 82 40 61
187039969
82 57 62 40 94
373483141
68 61 67 64 99
720747051
95 23 9 10 45
440058877
1 18 23 34 86
557344351
66 26 95 58 2
424068828
28 83 9 61 12
580248019
26 28 82 36 18
625860763
48 88 2 80 43
359553935
98 21 75 66 34
831204333
86 79 61 95 39
596473366
24 53 83 27 88
586212489
68 74 97 42 10
458310305
76 94 72 63 45
955061748
5 20 7 31 81
113218848
15 26 34 84 24
971096974
31 57 29 14 74
964900337
58 17 20 76 31
422379854
20 8 40 69 33
39899520
14 83 38 86 88
345594873
5 26 3 46 53
759607984
90 16 48 22 62
59385810
31 62 78 95 96